Frame         Time          Elec          VdW           Nonbond       Total         
0             0             +0            +0            +0            +0            
1             1             +0            +0            +0            +0            
2             2             +0            +0            +0            +0            
3             3             -0.015        -0            -0.015        -0.015        
4             4             +0.3235       -0.0022       +0.3213       +0.3213       
5             5             -0.0521       -0            -0.0521       -0.0521       
6             6             -0.0122       -0.0005       -0.0127       -0.0127       
7             7             -0.0141       -0.0003       -0.0144       -0.0144       
8             8             +0            +0            +0            +0            
9             9             +0            +0            +0            +0            
10            10            +0            +0            +0            +0            
11            11            +0            +0            +0            +0            
12            12            +0            +0            +0            +0            
13            13            +0            +0            +0            +0            
14            14            +0            +0            +0            +0            
15            15            +0            +0            +0            +0            
16            16            +0            +0            +0            +0            
17            17            +0            +0            +0            +0            
18            18            +0            +0            +0            +0            
19            19            +0            +0            +0            +0            
20            20            +0            +0            +0            +0            
21            21            +0            +0            +0            +0            
22            22            +0            +0            +0            +0            
23            23            +0            +0            +0            +0            
24            24            +0            +0            +0            +0            
25            25            +0            +0            +0            +0            
26            26            +0.103        -0.0005       +0.1025       +0.1025       
27            27            +0            +0            +0            +0            
28            28            +0            +0            +0            +0            
29            29            +0            +0            +0            +0            
30            30            +0            +0            +0            +0            
31            31            -0.0333       -0.0116       -0.0449       -0.0449       
32            32            -0.5496       -0.0019       -0.5515       -0.5515       
33            33            -1.5764       -0.0156       -1.592        -1.592        
34            34            +2.0984       -0.33         +1.7684       +1.7684       
35            35            +0.5436       -0.0063       +0.5373       +0.5373       
36            36            -0.7425       -0.0041       -0.7466       -0.7466       
37            37            -0.0232       -0.0005       -0.0237       -0.0237       
38            38            +0            +0            +0            +0            
39            39            +0            +0            +0            +0            
40            40            +0            +0            +0            +0            
41            41            +0            +0            +0            +0            
42            42            +0.1317       -0.0005       +0.1312       +0.1312       
43            43            +0            +0            +0            +0            
44            44            +0            +0            +0            +0            
45            45            +0            +0            +0            +0            
46            46            +0            +0            +0            +0            
47            47            +0.169        -0.0034       +0.1656       +0.1656       
48            48            +0            -0            +0            +0            
49            49            -0.003        -0            -0.003        -0.003        
50            50            -0.5454       -0.0009       -0.5463       -0.5463       
51            51            -0.4733       -0.0056       -0.4789       -0.4789       
52            52            +0            +0            +0            +0            
53            53            +0            +0            +0            +0            
54            54            +0.4313       -0.0007       +0.4306       +0.4306       
55            55            +1.2195       -0.0167       +1.2028       +1.2028       
56            56            +0.0773       -0.002        +0.0753       +0.0753       
57            57            +0            +0            +0            +0            
58            58            +0.2703       -0.0007       +0.2696       +0.2696       
59            59            +0            +0            +0            +0            
60            60            +0            +0            +0            +0            
61            61            -0.0009       -0.0016       -0.0025       -0.0025       
62            62            +0            +0            +0            +0            
63            63            -0.6307       -0.0081       -0.6388       -0.6388       
64            64            -0.321        -0.005        -0.326        -0.326        
65            65            +0            +0            +0            +0            
66            66            +0            +0            +0            +0            
67            67            +0.0242       -0.2375       -0.2133       -0.2133       
68            68            -4.0879       -0.7181       -4.806        -4.806        
69            69            -2.0985       -1.4102       -3.5087       -3.5087       
70            70            -0.0481       -0.5197       -0.5678       -0.5678       
71            71            -2.6393       -1.0959       -3.7352       -3.7352       
72            72            -6.1341       -0.8319       -6.966        -6.966        
73            73            -1.8213       -1.4241       -3.2454       -3.2454       
74            74            -2.4764       -0.2585       -2.7349       -2.7349       
75            75            -3.486        -1.2018       -4.6878       -4.6878       
76            76            -5.1128       -1.2322       -6.345        -6.345        
77            77            -5.8312       -0.2756       -6.1068       -6.1068       
78            78            -3.4003       -1.3659       -4.7662       -4.7662       
79            79            +0.4069       -0.9896       -0.5827       -0.5827       
80            80            -3.7813       -1.862        -5.6433       -5.6433       
81            81            -1.0625       -0.7563       -1.8188       -1.8188       
82            82            -3.3492       -0.8246       -4.1738       -4.1738       
83            83            -9.6297       -1.3266       -10.9563      -10.9563      
84            84            -5.1147       -1.1159       -6.2306       -6.2306       
85            85            -6.1272       -1.0688       -7.196        -7.196        
86            86            +3.2199       -0.8876       +2.3323       +2.3323       
87            87            +3.1414       -0.5679       +2.5735       +2.5735       
88            88            -1.2551       -0.1015       -1.3566       -1.3566       
89            89            -1.2993       -0.9083       -2.2076       -2.2076       
90            90            +5.2234       -0.3327       +4.8907       +4.8907       
91            91            +3.0237       -1.65         +1.3737       +1.3737       
92            92            +1.3175       -0.9295       +0.388        +0.388        
93            93            +3.6114       -0.9221       +2.6893       +2.6893       
94            94            +2.652        -0.4273       +2.2247       +2.2247       
95            95            +0.1798       -1.4276       -1.2478       -1.2478       
96            96            +1.5416       -1.8604       -0.3188       -0.3188       
97            97            -5.9221       -1.7976       -7.7197       -7.7197       
98            98            -7.4546       -0.9381       -8.3927       -8.3927       
99            99            -7.4657       -1.3631       -8.8288       -8.8288       
100           100           -5.9575       -0.472        -6.4295       -6.4295       
101           101           -8.0811       -1.1137       -9.1948       -9.1948       
102           102           -2.638        -0.1858       -2.8238       -2.8238       
103           103           +1.4507       -1.8859       -0.4352       -0.4352       
104           104           -2.5328       -1.5604       -4.0932       -4.0932       
105           105           +1.3629       -0.3381       +1.0248       +1.0248       
106           106           -3.1163       -0.8225       -3.9388       -3.9388       
107           107           -3.9201       -0.2526       -4.1727       -4.1727       
108           108           -4.0727       -1.7628       -5.8355       -5.8355       
109           109           -4.3043       -1.3693       -5.6736       -5.6736       
110           110           -0.0263       -1.1055       -1.1318       -1.1318       
111           111           -3.6298       -0.3114       -3.9412       -3.9412       
112           112           -2.9162       -0.1507       -3.0669       -3.0669       
113           113           -5.1647       -1.0229       -6.1876       -6.1876       
114           114           -0.208        -0.0034       -0.2114       -0.2114       
115           115           -4.3419       -0.9291       -5.271        -5.271        
116           116           -1.1941       -1.0491       -2.2432       -2.2432       
117           117           -1.2815       -1.459        -2.7405       -2.7405       
118           118           -0.3802       -1.5299       -1.9101       -1.9101       
119           119           -1.9051       -0.0981       -2.0032       -2.0032       
120           120           -4.2287       -0.1777       -4.4064       -4.4064       
121           121           -3.7026       -1.5358       -5.2384       -5.2384       
122           122           +2.3809       -0.3809       +2            +2            
123           123           -5.2173       -1.3644       -6.5817       -6.5817       
124           124           -5.1538       -0.9561       -6.1099       -6.1099       
125           125           -5.5123       -0.7427       -6.255        -6.255        
126           126           -5.4368       -0.8701       -6.3069       -6.3069       
127           127           -3.6883       -0.1809       -3.8692       -3.8692       
128           128           -3.7782       -1.696        -5.4742       -5.4742       
129           129           -6.4871       -1.237        -7.7241       -7.7241       
130           130           +0.7762       -1.172        -0.3958       -0.3958       
131           131           -8.044        -1.0423       -9.0863       -9.0863       
132           132           +1.3272       -1.5475       -0.2203       -0.2203       
133           133           -5.5124       -1.926        -7.4384       -7.4384       
134           134           -6.5318       -0.9351       -7.4669       -7.4669       
135           135           -9.026        -0.7841       -9.8101       -9.8101       
136           136           -3.3806       -0.5472       -3.9278       -3.9278       
137           137           +3.9565       -1.6594       +2.2971       +2.2971       
138           138           -8.7017       -0.9304       -9.6321       -9.6321       
139           139           -4.963        -0.7502       -5.7132       -5.7132       
140           140           -6.4997       -1.1105       -7.6102       -7.6102       
141           141           -3.1447       -1.7362       -4.8809       -4.8809       
142           142           -1.4633       +0.0111       -1.4522       -1.4522       
143           143           -5.3472       -0.7359       -6.0831       -6.0831       
144           144           -4.0821       -1.4366       -5.5187       -5.5187       
145           145           -4.9114       -1.4113       -6.3227       -6.3227       
146           146           -3.7119       -0.4277       -4.1396       -4.1396       
147           147           -1.8894       -0.9126       -2.802        -2.802        
148           148           +0.7954       -0.9728       -0.1774       -0.1774       
149           149           -3.437        -1.3317       -4.7687       -4.7687       
150           150           -2.7074       -0.952        -3.6594       -3.6594       
151           151           -4.1432       -0.2926       -4.4358       -4.4358       
152           152           -7.62         -0.6813       -8.3013       -8.3013       
153           153           -0.7015       -0.0815       -0.783        -0.783        
154           154           -2.3919       -0.1016       -2.4935       -2.4935       
155           155           -1.3839       -0.1216       -1.5055       -1.5055       
156           156           +0.6268       -0.7194       -0.0926       -0.0926       
157           157           +1.5758       -0.0542       +1.5216       +1.5216       
158           158           -0.7482       -0.0673       -0.8155       -0.8155       
159           159           -0.9273       -0.0497       -0.977        -0.977        
160           160           -0.1228       -0.0603       -0.1831       -0.1831       
161           161           +0.9041       -0.1521       +0.752        +0.752        
162           162           -0.9783       -0.0682       -1.0465       -1.0465       
163           163           +2.9304       -0.144        +2.7864       +2.7864       
164           164           -5.779        -1.344        -7.123        -7.123        
165           165           -2.6401       -0.1674       -2.8075       -2.8075       
166           166           -1.1577       -0.0641       -1.2218       -1.2218       
167           167           -2.1463       -0.2382       -2.3845       -2.3845       
168           168           -2.0008       -1.2008       -3.2016       -3.2016       
169           169           +1.7324       -0.7792       +0.9532       +0.9532       
170           170           -5.3448       +2.0516       -3.2932       -3.2932       
171           171           +0.9954       -0.4793       +0.5161       +0.5161       
172           172           -4.3136       -1.6509       -5.9645       -5.9645       
173           173           +0.668        -0.4395       +0.2285       +0.2285       
174           174           -5.9333       -1.239        -7.1723       -7.1723       
175           175           +0.1212       -1.5395       -1.4183       -1.4183       
176           176           -0.2846       -0.0582       -0.3428       -0.3428       
177           177           +1.0948       -0.2374       +0.8574       +0.8574       
178           178           -1.1055       -0.2216       -1.3271       -1.3271       
179           179           -1.9397       -0.0405       -1.9802       -1.9802       
180           180           -0.2738       -0.0038       -0.2776       -0.2776       
181           181           +0.12         -0.0205       +0.0995       +0.0995       
182           182           -1.3672       -0.6338       -2.001        -2.001        
183           183           -2.834        -1.3532       -4.1872       -4.1872       
184           184           -5.3895       -1.1719       -6.5614       -6.5614       
185           185           -2.4868       -0.1143       -2.6011       -2.6011       
186           186           -1.1607       -0.0223       -1.183        -1.183        
187           187           -2.5102       -0.0482       -2.5584       -2.5584       
188           188           -1.7887       -1.0121       -2.8008       -2.8008       
189           189           -1.5595       -0.0424       -1.6019       -1.6019       
190           190           +0.0413       -0.0443       -0.003        -0.003        
191           191           -4.7042       -1.4108       -6.115        -6.115        
192           192           -8.7717       -0.9186       -9.6903       -9.6903       
193           193           +0.8105       -0.3673       +0.4432       +0.4432       
194           194           +0.3654       -1.4423       -1.0769       -1.0769       
195           195           -2.4748       -0.9891       -3.4639       -3.4639       
196           196           -0.7892       -1.8471       -2.6363       -2.6363       
197           197           -3.7866       -1.7574       -5.544        -5.544        
198           198           -6.6585       -0.6688       -7.3273       -7.3273       
199           199           +1.1519       -1.5226       -0.3707       -0.3707       
200           200           -5.1467       -0.8557       -6.0024       -6.0024       
201           201           -2.6964       -1.3186       -4.015        -4.015        
202           202           +8.4966       -1.6971       +6.7995       +6.7995       
203           203           -9.4358       -0.9216       -10.3574      -10.3574      
204           204           -0.0403       -1.6796       -1.7199       -1.7199       
205           205           -3.4491       -1.8074       -5.2565       -5.2565       
206           206           -3.129        -1.0311       -4.1601       -4.1601       
207           207           -1.479        -1.4337       -2.9127       -2.9127       
208           208           -0.9912       -1.8054       -2.7966       -2.7966       
209           209           -0.4236       -1.2505       -1.6741       -1.6741       
210           210           -3.8968       -0.5336       -4.4304       -4.4304       
211           211           +3.1456       -1.6404       +1.5052       +1.5052       
212           212           +0.5571       -1.7017       -1.1446       -1.1446       
213           213           -4.2073       -1.5365       -5.7438       -5.7438       
214           214           -3.408        -1.5716       -4.9796       -4.9796       
215           215           -3.9368       -1.7146       -5.6514       -5.6514       
216           216           -1.3586       -1.4116       -2.7702       -2.7702       
217           217           +1.2946       -0.6708       +0.6238       +0.6238       
218           218           +3.0353       -0.7511       +2.2842       +2.2842       
219           219           -2.8015       -0.2804       -3.0819       -3.0819       
220           220           -5.6652       -2.1426       -7.8078       -7.8078       
221           221           -0.0401       -1.4734       -1.5135       -1.5135       
222           222           +0.9609       -1.1439       -0.183        -0.183        
223           223           -0.8228       -0.096        -0.9188       -0.9188       
224           224           +5.8497       -1.2351       +4.6146       +4.6146       
225           225           -0.8687       -1.1349       -2.0036       -2.0036       
226           226           +3.7012       -1.237        +2.4642       +2.4642       
227           227           +0.6309       -0.7976       -0.1667       -0.1667       
228           228           -4.2056       -0.2954       -4.501        -4.501        
229           229           -0.197        -1.6613       -1.8583       -1.8583       
230           230           -2.5536       -1.7723       -4.3259       -4.3259       
231           231           +3.2686       -1.5829       +1.6857       +1.6857       
232           232           +0.056        -1.1047       -1.0487       -1.0487       
233           233           -4.7373       -0.5718       -5.3091       -5.3091       
234           234           -3.6689       -0.065        -3.7339       -3.7339       
235           235           -3.9241       -1.9175       -5.8416       -5.8416       
236           236           -0.6819       -1.5928       -2.2747       -2.2747       
237           237           +4.9758       -1.5299       +3.4459       +3.4459       
238           238           -1.2734       -1.15         -2.4234       -2.4234       
239           239           +0.9815       -0.7325       +0.249        +0.249        
240           240           +1.368        -1.6791       -0.3111       -0.3111       
241           241           -2.5008       -1.3711       -3.8719       -3.8719       
242           242           +5.7825       -1.1561       +4.6264       +4.6264       
243           243           +5.0339       -0.5634       +4.4705       +4.4705       
244           244           +4.576        -1.3881       +3.1879       +3.1879       
245           245           +4.5892       -1.1518       +3.4374       +3.4374       
246           246           -3.2895       -0.2712       -3.5607       -3.5607       
247           247           -5.2299       -1.6698       -6.8997       -6.8997       
248           248           -2.5052       -1.2203       -3.7255       -3.7255       
249           249           -6.9983       -0.9248       -7.9231       -7.9231       
250           250           -2.1681       -1.5162       -3.6843       -3.6843       
251           251           -1.5302       -0.6885       -2.2187       -2.2187       
252           252           -0.6048       -0.7941       -1.3989       -1.3989       
253           253           -1.5697       -0.0208       -1.5905       -1.5905       
254           254           -2.6921       -0.4558       -3.1479       -3.1479       
255           255           -3.8973       -1.0227       -4.92         -4.92         
256           256           -1.3288       -1.2809       -2.6097       -2.6097       
257           257           -3.1498       -0.9245       -4.0743       -4.0743       
258           258           -4.1354       -1.1504       -5.2858       -5.2858       
259           259           +0.7251       -0.6103       +0.1148       +0.1148       
260           260           -1.9144       -0.4071       -2.3215       -2.3215       
261           261           -0.8576       -1.1077       -1.9653       -1.9653       
262           262           +2.5678       -1.3186       +1.2492       +1.2492       
263           263           -2.3956       -1.295        -3.6906       -3.6906       
264           264           +0.3795       -0.2469       +0.1326       +0.1326       
265           265           +1.3488       -1.1101       +0.2387       +0.2387       
266           266           -2.7523       -1.1887       -3.941        -3.941        
267           267           -3.3738       -0.1359       -3.5097       -3.5097       
268           268           -3.5802       -0.1601       -3.7403       -3.7403       
269           269           -1.9081       -0.0815       -1.9896       -1.9896       
270           270           -2.4416       -0.1655       -2.6071       -2.6071       
271           271           +1.5763       -0.0836       +1.4927       +1.4927       
272           272           +1.4783       -1.3942       +0.0841       +0.0841       
273           273           -2.0063       -0.5609       -2.5672       -2.5672       
274           274           +4.7209       -0.333        +4.3879       +4.3879       
275           275           +1.0232       -0.4815       +0.5417       +0.5417       
276           276           +3.6599       -1.0199       +2.64         +2.64         
277           277           -2.9973       -0.4136       -3.4109       -3.4109       
278           278           +1.6753       -0.3326       +1.3427       +1.3427       
279           279           -2.6618       -1.5262       -4.188        -4.188        
280           280           -2.2549       -0.1185       -2.3734       -2.3734       
281           281           -0.7657       -0.3012       -1.0669       -1.0669       
282           282           -3.0598       -0.3006       -3.3604       -3.3604       
283           283           -2.6144       -0.0863       -2.7007       -2.7007       
284           284           -2.9701       -0.1932       -3.1633       -3.1633       
285           285           +1.4357       -0.4183       +1.0174       +1.0174       
286           286           +5.7796       -0.4744       +5.3052       +5.3052       
287           287           -0.6723       -1.4262       -2.0985       -2.0985       
288           288           -3.3952       -0.7911       -4.1863       -4.1863       
289           289           +1.0876       -1.2395       -0.1519       -0.1519       
290           290           -4.4912       -0.9546       -5.4458       -5.4458       
291           291           +0.1804       -1.6144       -1.434        -1.434        
292           292           +0.6752       -0.8874       -0.2122       -0.2122       
293           293           -0.61         -0.0221       -0.6321       -0.6321       
294           294           -0.7329       -0.0776       -0.8105       -0.8105       
295           295           -1.243        -0.0222       -1.2652       -1.2652       
296           296           +0.203        -0.0079       +0.1951       +0.1951       
297           297           -0.7739       -0.0022       -0.7761       -0.7761       
298           298           -0.5639       -0.0652       -0.6291       -0.6291       
299           299           -1.6616       -0.0847       -1.7463       -1.7463       
300           300           +1.1482       -0.0408       +1.1074       +1.1074       
301           301           -0.1638       -0.0063       -0.1701       -0.1701       
302           302           -0.1662       -0.0008       -0.167        -0.167        
303           303           +0.1131       -0.0098       +0.1033       +0.1033       
304           304           +0.689        -0.0079       +0.6811       +0.6811       
305           305           -0.194        -0.0008       -0.1948       -0.1948       
306           306           +0.6039       -0.0151       +0.5888       +0.5888       
307           307           +2.4459       -0.0669       +2.379        +2.379        
308           308           +1.3984       -0.1358       +1.2626       +1.2626       
309           309           +1.7507       -0.0591       +1.6916       +1.6916       
310           310           -0.246        -0.1598       -0.4058       -0.4058       
311           311           -0.1312       -0.0251       -0.1563       -0.1563       
312           312           -0.9661       -0.0274       -0.9935       -0.9935       
313           313           -0.5067       -0.0059       -0.5126       -0.5126       
314           314           -0.2833       -0.0178       -0.3011       -0.3011       
315           315           +0.1637       -0.0044       +0.1593       +0.1593       
316           316           -0.0822       -0.0008       -0.083        -0.083        
317           317           -0.1894       -0.0017       -0.1911       -0.1911       
318           318           -0.0669       -0.0047       -0.0716       -0.0716       
319           319           -0.379        -0.0278       -0.4068       -0.4068       
320           320           +0.6947       -0.0417       +0.653        +0.653        
321           321           -0.1108       -0.0035       -0.1143       -0.1143       
322           322           -0.0317       -0            -0.0317       -0.0317       
323           323           +0.033        -0.0001       +0.0329       +0.0329       
324           324           -0.0138       -0            -0.0138       -0.0138       
325           325           +0            +0            +0            +0            
326           326           +0            +0            +0            +0            
327           327           -0.2093       -0.0026       -0.2119       -0.2119       
328           328           -0.0958       -0.0029       -0.0987       -0.0987       
329           329           -0.0234       -0.0212       -0.0446       -0.0446       
330           330           +0            +0            +0            +0            
331           331           -0.0457       -0            -0.0457       -0.0457       
332           332           +0            +0            +0            +0            
333           333           +0            +0            +0            +0            
334           334           +0            +0            +0            +0            
335           335           +0            +0            +0            +0            
336           336           +0            +0            +0            +0            
337           337           +0            +0            +0            +0            
338           338           +0            +0            +0            +0            
339           339           -0            -0            -0            -0            
