Frame         Time          Elec          VdW           Nonbond       Total         
0             0             +0            +0            +0            +0            
1             1             +0            +0            +0            +0            
2             2             +0            +0            +0            +0            
3             3             -0.0211       -0.0008       -0.0219       -0.0219       
4             4             -0.5205       -0.0427       -0.5632       -0.5632       
5             5             +0.0482       -0.0025       +0.0457       +0.0457       
6             6             -0.0735       -0.0141       -0.0876       -0.0876       
7             7             -0.0422       -0.009        -0.0512       -0.0512       
8             8             +0.1595       -0.0042       +0.1553       +0.1553       
9             9             +0            +0            +0            +0            
10            10            +0            +0            +0            +0            
11            11            +0            +0            +0            +0            
12            12            +0            +0            +0            +0            
13            13            +0            +0            +0            +0            
14            14            +0            +0            +0            +0            
15            15            +0            +0            +0            +0            
16            16            +0            +0            +0            +0            
17            17            +0            +0            +0            +0            
18            18            +0            +0            +0            +0            
19            19            +0            +0            +0            +0            
20            20            +0            +0            +0            +0            
21            21            +0            +0            +0            +0            
22            22            +0            +0            +0            +0            
23            23            +0            +0            +0            +0            
24            24            -0.0272       -0.0014       -0.0286       -0.0286       
25            25            +0.0069       -0.0012       +0.0057       +0.0057       
26            26            -0.0796       -0            -0.0796       -0.0796       
27            27            +0            +0            +0            +0            
28            28            +0            +0            +0            +0            
29            29            +0.1173       -0.0001       +0.1172       +0.1172       
30            30            -0.0024       -0.0013       -0.0037       -0.0037       
31            31            -0.2586       -0.0132       -0.2718       -0.2718       
32            32            +0.3032       -0.0121       +0.2911       +0.2911       
33            33            +0.0755       -0.0123       +0.0632       +0.0632       
34            34            -1.4373       -0.1113       -1.5486       -1.5486       
35            35            -0.1137       -0.0112       -0.1249       -0.1249       
36            36            +0.4414       -0.0054       +0.436        +0.436        
37            37            -0.3329       -0.0002       -0.3331       -0.3331       
38            38            -0.1744       -0            -0.1744       -0.1744       
39            39            -0.082        -0            -0.082        -0.082        
40            40            +0            +0            +0            +0            
41            41            -0.0287       -0            -0.0287       -0.0287       
42            42            +0.1199       -0.0007       +0.1192       +0.1192       
43            43            -0.0149       -0            -0.0149       -0.0149       
44            44            +0            +0            +0            +0            
45            45            +0            +0            +0            +0            
46            46            -0.0038       -0            -0.0038       -0.0038       
47            47            -0.2337       -0.0101       -0.2438       -0.2438       
48            48            -0.0446       -0.0064       -0.051        -0.051        
49            49            +0.0352       -0            +0.0352       +0.0352       
50            50            -0.117        -0.0171       -0.1341       -0.1341       
51            51            +0.6248       -0.0528       +0.572        +0.572        
52            52            -0.2294       -0.0023       -0.2317       -0.2317       
53            53            -0.2357       -0.0003       -0.236        -0.236        
54            54            -0.3073       -0.0079       -0.3152       -0.3152       
55            55            +0.8229       -0.0646       +0.7583       +0.7583       
56            56            -6.4408       -0.1495       -6.5903       -6.5903       
57            57            -0.2313       -0.0001       -0.2314       -0.2314       
58            58            +0.2895       -0.0072       +0.2823       +0.2823       
59            59            +0.1607       -0.0016       +0.1591       +0.1591       
60            60            +0.0222       -0.0007       +0.0215       +0.0215       
61            61            +0.1974       -0.0215       +0.1759       +0.1759       
62            62            +0.1725       -0.0036       +0.1689       +0.1689       
63            63            +1.91         -0.0508       +1.8592       +1.8592       
64            64            -0.4801       -0.0128       -0.4929       -0.4929       
65            65            +0.0878       -0.0018       +0.086        +0.086        
66            66            -0.0577       -0.0003       -0.058        -0.058        
67            67            +1.094        -0.0751       +1.0189       +1.0189       
68            68            +1.4172       -1.2464       +0.1708       +0.1708       
69            69            -2.1342       -1.0118       -3.146        -3.146        
70            70            -6.7179       -1.4179       -8.1358       -8.1358       
71            71            -0.5513       -0.9614       -1.5127       -1.5127       
72            72            +1.4663       -0.8885       +0.5778       +0.5778       
73            73            +1.4584       -1.6412       -0.1828       -0.1828       
74            74            +0.5263       -0.5392       -0.0129       -0.0129       
75            75            +0.6908       -2.4317       -1.7409       -1.7409       
76            76            -3.3794       -1.6635       -5.0429       -5.0429       
77            77            +1.4326       -1.1397       +0.2929       +0.2929       
78            78            +3.5988       -2.1264       +1.4724       +1.4724       
79            79            +1.2581       -0.4495       +0.8086       +0.8086       
80            80            +0.3958       -0.3944       +0.0014       +0.0014       
81            81            -4.2255       -2.694        -6.9195       -6.9195       
82            82            -3.1447       -2.23         -5.3747       -5.3747       
83            83            +3.2404       -2.0969       +1.1435       +1.1435       
84            84            -0.8463       -1.8278       -2.6741       -2.6741       
85            85            -0.9087       -1.5701       -2.4788       -2.4788       
86            86            -1.9031       -1.2171       -3.1202       -3.1202       
87            87            -4.1535       -0.405        -4.5585       -4.5585       
88            88            -7.1155       -0.5202       -7.6357       -7.6357       
89            89            -0.2006       -1.2665       -1.4671       -1.4671       
90            90            -1.3976       -0.2191       -1.6167       -1.6167       
91            91            -1.2788       -0.8743       -2.1531       -2.1531       
92            92            -0.1547       -1.1562       -1.3109       -1.3109       
93            93            -0.0948       -1.6753       -1.7701       -1.7701       
94            94            +0.4194       -1.4279       -1.0085       -1.0085       
95            95            -1.7889       -0.0828       -1.8717       -1.8717       
96            96            +0.1924       -2.5144       -2.322        -2.322        
97            97            -0.9371       -0.1226       -1.0597       -1.0597       
98            98            -1.8913       -0.3589       -2.2502       -2.2502       
99            99            -0.7822       -2.2138       -2.996        -2.996        
100           100           -3.2979       -1.1893       -4.4872       -4.4872       
101           101           -1.9694       -2.4063       -4.3757       -4.3757       
102           102           -6.6675       -0.7026       -7.3701       -7.3701       
103           103           -5.627        -1.056        -6.683        -6.683        
104           104           -6.0222       -2.1943       -8.2165       -8.2165       
105           105           -11.27        -1.17         -12.44        -12.44        
106           106           -2.5899       -1.7648       -4.3547       -4.3547       
107           107           -14.4811      +0.4698       -14.0113      -14.0113      
108           108           +0.2631       +0.1914       +0.4545       +0.4545       
109           109           +2.8285       -1.5489       +1.2796       +1.2796       
110           110           +0.9014       -2.3369       -1.4355       -1.4355       
111           111           -8.7574       -1.3061       -10.0635      -10.0635      
112           112           -8.1875       -1.2681       -9.4556       -9.4556       
113           113           +1.2275       -1.6968       -0.4693       -0.4693       
114           114           -1.4472       -0.1536       -1.6008       -1.6008       
115           115           +2.1228       -1.7493       +0.3735       +0.3735       
116           116           +2.7694       -1.1959       +1.5735       +1.5735       
117           117           -0.7217       -2.8377       -3.5594       -3.5594       
118           118           +1.5696       -1.7728       -0.2032       -0.2032       
119           119           -8.8316       -2.4305       -11.2621      -11.2621      
120           120           -9.7922       +0.5866       -9.2056       -9.2056       
121           121           -1.3466       -1.8502       -3.1968       -3.1968       
122           122           -6.4744       -1.3118       -7.7862       -7.7862       
123           123           +3.4463       -2.0772       +1.3691       +1.3691       
124           124           +4.6229       -2.0665       +2.5564       +2.5564       
125           125           -3.2648       -1.973        -5.2378       -5.2378       
126           126           -3.0013       -1.57         -4.5713       -4.5713       
127           127           -2.9437       -0.6389       -3.5826       -3.5826       
128           128           -3.8676       -1.9407       -5.8083       -5.8083       
129           129           -5.1334       -1.4489       -6.5823       -6.5823       
130           130           -2.7975       -1.3086       -4.1061       -4.1061       
131           131           -1.5144       -1.4832       -2.9976       -2.9976       
132           132           +0.7125       -2.2583       -1.5458       -1.5458       
133           133           +0.8043       -1.9362       -1.1319       -1.1319       
134           134           -0.3037       -2.2604       -2.5641       -2.5641       
135           135           -3.7381       -0.2885       -4.0266       -4.0266       
136           136           -1.4518       -2.0451       -3.4969       -3.4969       
137           137           +0.9135       -2.1955       -1.282        -1.282        
138           138           -2.0788       -0.5375       -2.6163       -2.6163       
139           139           -2.7198       -2.3399       -5.0597       -5.0597       
140           140           -1.5239       -1.452        -2.9759       -2.9759       
141           141           -0.9885       -1.0696       -2.0581       -2.0581       
142           142           -0.2207       -1.9252       -2.1459       -2.1459       
143           143           -1.1249       -1.4073       -2.5322       -2.5322       
144           144           -0.1355       -1.1961       -1.3316       -1.3316       
145           145           +0.6304       -2.1836       -1.5532       -1.5532       
146           146           -1.5847       -1.6361       -3.2208       -3.2208       
147           147           -3.5644       -1.668        -5.2324       -5.2324       
148           148           -0.9949       -1.8391       -2.834        -2.834        
149           149           +3.7307       -1.9621       +1.7686       +1.7686       
150           150           +3.8403       -2.2713       +1.569        +1.569        
151           151           +3.0666       -2.3237       +0.7429       +0.7429       
152           152           -3.2497       -2.1604       -5.4101       -5.4101       
153           153           -4.7067       -2.2606       -6.9673       -6.9673       
154           154           -7.4739       -2.4579       -9.9318       -9.9318       
155           155           -8.353        -1.7858       -10.1388      -10.1388      
156           156           +3.9416       -1.9294       +2.0122       +2.0122       
157           157           -1.022        -0.6953       -1.7173       -1.7173       
158           158           -8.4777       -2.7981       -11.2758      -11.2758      
159           159           -3.6801       -0.8005       -4.4806       -4.4806       
160           160           -0.3208       -2.4614       -2.7822       -2.7822       
161           161           -1.1886       -2.6607       -3.8493       -3.8493       
162           162           -4.0813       -3.3667       -7.448        -7.448        
163           163           -24.4829      +3.042        -21.4409      -21.4409      
164           164           +1.595        -2.128        -0.533        -0.533        
165           165           -1.9785       -2.0873       -4.0658       -4.0658       
166           166           -15.8589      -2.2456       -18.1045      -18.1045      
167           167           -10.6263      -1.202        -11.8283      -11.8283      
168           168           +2.6594       -1.8835       +0.7759       +0.7759       
169           169           -1.8465       -1.3039       -3.1504       -3.1504       
170           170           -2.5211       -2.3871       -4.9082       -4.9082       
171           171           -5.7557       -1.3999       -7.1556       -7.1556       
172           172           -6.203        -1.7292       -7.9322       -7.9322       
173           173           -4.2962       -1.6926       -5.9888       -5.9888       
174           174           -3.6233       -1.2872       -4.9105       -4.9105       
175           175           -4.8077       -1.3266       -6.1343       -6.1343       
176           176           +3.2501       -0.7254       +2.5247       +2.5247       
177           177           -9.17         -0.9614       -10.1314      -10.1314      
178           178           -6.91         -1.4981       -8.4081       -8.4081       
179           179           -5.4774       -1.163        -6.6404       -6.6404       
180           180           +1.2457       -0.362        +0.8837       +0.8837       
181           181           +0.531        -1.1792       -0.6482       -0.6482       
182           182           -3.9143       -0.5395       -4.4538       -4.4538       
183           183           -0.4397       -1.9949       -2.4346       -2.4346       
184           184           -3.6128       -1.9411       -5.5539       -5.5539       
185           185           -14.671       -1.5556       -16.2266      -16.2266      
186           186           -32.9028      +3.572        -29.3308      -29.3308      
187           187           -28.5195      +0.4115       -28.108       -28.108       
188           188           +0.984        -1.4285       -0.4445       -0.4445       
189           189           -1.777        -1.6643       -3.4413       -3.4413       
190           190           -3.1561       -0.5581       -3.7142       -3.7142       
191           191           +7.407        -2.0525       +5.3545       +5.3545       
192           192           +0.7141       -2.0218       -1.3077       -1.3077       
193           193           -5.6974       -0.648        -6.3454       -6.3454       
194           194           +1.4851       -1.9281       -0.443        -0.443        
195           195           -6.1238       -2.0646       -8.1884       -8.1884       
196           196           -2.6862       -1.1293       -3.8155       -3.8155       
197           197           +1.1928       -1.3878       -0.195        -0.195        
198           198           -1.8357       -0.3613       -2.197        -2.197        
199           199           +0.2235       -2.0468       -1.8233       -1.8233       
200           200           -2.0256       -0.4927       -2.5183       -2.5183       
201           201           -2.1785       +1.5676       -0.6109       -0.6109       
202           202           -6.1873       -0.2569       -6.4442       -6.4442       
203           203           -2.5102       -1.4642       -3.9744       -3.9744       
204           204           -3.5404       -1.4508       -4.9912       -4.9912       
205           205           -0.5991       -0.2661       -0.8652       -0.8652       
206           206           +1.2742       -0.4241       +0.8501       +0.8501       
207           207           -2.9328       -0.5084       -3.4412       -3.4412       
208           208           +1.9522       -2.0877       -0.1355       -0.1355       
209           209           +0.02         -2.1256       -2.1056       -2.1056       
210           210           +3.5051       -1.5439       +1.9612       +1.9612       
211           211           -9.8327       +1.4349       -8.3978       -8.3978       
212           212           +0.8278       -2.4205       -1.5927       -1.5927       
213           213           +6.1498       -1.8479       +4.3019       +4.3019       
214           214           +5.8501       -2.2488       +3.6013       +3.6013       
215           215           +0.1832       -1.7637       -1.5805       -1.5805       
216           216           -0.7132       -1.6678       -2.381        -2.381        
217           217           -0.763        -1.8422       -2.6052       -2.6052       
218           218           -5.5736       +0.6493       -4.9243       -4.9243       
219           219           -0.2231       -2.0302       -2.2533       -2.2533       
220           220           -1.3636       -2.4734       -3.837        -3.837        
221           221           -1.4644       -0.6435       -2.1079       -2.1079       
222           222           +0.6697       -1.7913       -1.1216       -1.1216       
223           223           +1.716        -0.4334       +1.2826       +1.2826       
224           224           +2.107        -1.7774       +0.3296       +0.3296       
225           225           -2.1664       -1.3223       -3.4887       -3.4887       
226           226           -3.4113       -2.3231       -5.7344       -5.7344       
227           227           +0.9166       -2.1316       -1.215        -1.215        
228           228           -1.5737       -2.018        -3.5917       -3.5917       
229           229           +4.1825       -2.2419       +1.9406       +1.9406       
230           230           -0.8539       -2.0843       -2.9382       -2.9382       
231           231           -2.5126       -1.6923       -4.2049       -4.2049       
232           232           -1.3261       -1.4257       -2.7518       -2.7518       
233           233           -4.9976       +0.9154       -4.0822       -4.0822       
234           234           -27.5462      +3.313        -24.2332      -24.2332      
235           235           -5.2075       -0.7393       -5.9468       -5.9468       
236           236           -1.9882       -2.1685       -4.1567       -4.1567       
237           237           -3.0489       -0.011        -3.0599       -3.0599       
238           238           +1.3711       -2.5438       -1.1727       -1.1727       
239           239           -10.3329      +0.4773       -9.8556       -9.8556       
240           240           +1.878        -2.2209       -0.3429       -0.3429       
241           241           -0.752        +0.3303       -0.4217       -0.4217       
242           242           -0.7647       -0.8103       -1.575        -1.575        
243           243           +0.7925       -1.4519       -0.6594       -0.6594       
244           244           -1.6926       -1.202        -2.8946       -2.8946       
245           245           +0.9762       -0.8486       +0.1276       +0.1276       
246           246           -4.0772       -1.6352       -5.7124       -5.7124       
247           247           -2.8992       -1.2825       -4.1817       -4.1817       
248           248           -9.1078       -2.0027       -11.1105      -11.1105      
249           249           -13.2328      -0.811        -14.0438      -14.0438      
250           250           +3.5204       -2.1377       +1.3827       +1.3827       
251           251           +3.4964       -1.9724       +1.524        +1.524        
252           252           +0.1841       -1.5778       -1.3937       -1.3937       
253           253           +6.2443       -1.1477       +5.0966       +5.0966       
254           254           -11.2982      -0.7434       -12.0416      -12.0416      
255           255           +2.9534       -1.8229       +1.1305       +1.1305       
256           256           +2.426        -2.3313       +0.0947       +0.0947       
257           257           +3.5598       -1.8172       +1.7426       +1.7426       
258           258           +3.3216       -1.9384       +1.3832       +1.3832       
259           259           -3.4771       -0.9539       -4.431        -4.431        
260           260           -4.6503       -1.7506       -6.4009       -6.4009       
261           261           +2.6396       -2.1049       +0.5347       +0.5347       
262           262           +2.9801       -1.3728       +1.6073       +1.6073       
263           263           +1.2092       -1.6227       -0.4135       -0.4135       
264           264           +0.8636       -0.7618       +0.1018       +0.1018       
265           265           -0.1303       -1.0553       -1.1856       -1.1856       
266           266           -3.9239       -2.1131       -6.037        -6.037        
267           267           -22.288       -2.2815       -24.5695      -24.5695      
268           268           -14.5387      +0.2906       -14.2481      -14.2481      
269           269           -12.6572      -2.1286       -14.7858      -14.7858      
270           270           -11.0474      -1.2926       -12.34        -12.34        
271           271           -5.8483       -0.972        -6.8203       -6.8203       
272           272           -11.495       -1.7764       -13.2714      -13.2714      
273           273           -8.3399       -1.7429       -10.0828      -10.0828      
274           274           -1.3484       -1.1589       -2.5073       -2.5073       
275           275           -12.7288      -0.4252       -13.154       -13.154       
276           276           +4.1608       -1.6954       +2.4654       +2.4654       
277           277           -13.4945      -1.9119       -15.4064      -15.4064      
278           278           -9.7324       -1.8236       -11.556       -11.556       
279           279           -1.4437       -1.4408       -2.8845       -2.8845       
280           280           -15.0779      +1.4206       -13.6573      -13.6573      
281           281           -15.0583      -1.0121       -16.0704      -16.0704      
282           282           -11.3122      -0.3414       -11.6536      -11.6536      
283           283           -11.272       +1.024        -10.248       -10.248       
284           284           -23.8061      +0.7209       -23.0852      -23.0852      
285           285           -15.0387      -1.8579       -16.8966      -16.8966      
286           286           +0.4512       -1.6714       -1.2202       -1.2202       
287           287           +0.2579       -1.0895       -0.8316       -0.8316       
288           288           +1.3555       -0.7328       +0.6227       +0.6227       
289           289           -2.7803       -2.2185       -4.9988       -4.9988       
290           290           -3.1216       -1.9183       -5.0399       -5.0399       
291           291           -1.1481       -1.7537       -2.9018       -2.9018       
292           292           +2.5232       -1.346        +1.1772       +1.1772       
293           293           -5.7948       -1.1249       -6.9197       -6.9197       
294           294           +3.1291       -0.5639       +2.5652       +2.5652       
295           295           -0.3948       -0.0616       -0.4564       -0.4564       
296           296           +1.0584       -0.0314       +1.027        +1.027        
297           297           -0.3604       -0.0427       -0.4031       -0.4031       
298           298           -0.4314       -0.0849       -0.5163       -0.5163       
299           299           -1.4011       -0.0786       -1.4797       -1.4797       
300           300           -0.2821       -0.0624       -0.3445       -0.3445       
301           301           +1.615        -0.0359       +1.5791       +1.5791       
302           302           +0.1038       -0.0152       +0.0886       +0.0886       
303           303           +0.571        -0.0558       +0.5152       +0.5152       
304           304           +0.7741       -0.0348       +0.7393       +0.7393       
305           305           -0.1661       -0.0122       -0.1783       -0.1783       
306           306           -0.3279       -0.0163       -0.3442       -0.3442       
307           307           -2.2435       -0.0224       -2.2659       -2.2659       
308           308           -1.811        -0.7693       -2.5803       -2.5803       
309           309           -2.7926       -0.6648       -3.4574       -3.4574       
310           310           -2.2545       -0.9673       -3.2218       -3.2218       
311           311           +2.195        -0.6319       +1.5631       +1.5631       
312           312           +0.0893       -0.0712       +0.0181       +0.0181       
313           313           -0.4071       -0.0269       -0.434        -0.434        
314           314           -1.7727       -0.0884       -1.8611       -1.8611       
315           315           -0.0161       -0.0462       -0.0623       -0.0623       
316           316           -0.1682       -0.0131       -0.1813       -0.1813       
317           317           -0.0291       -0.0042       -0.0333       -0.0333       
318           318           +0.3074       -0.0658       +0.2416       +0.2416       
319           319           +0.6591       -0.0764       +0.5827       +0.5827       
320           320           +0.1136       -0.0029       +0.1107       +0.1107       
321           321           -0.0669       -0.009        -0.0759       -0.0759       
322           322           -0.1177       -0.0032       -0.1209       -0.1209       
323           323           -0.0543       -0.0001       -0.0544       -0.0544       
324           324           +0            +0            +0            +0            
325           325           +0            +0            +0            +0            
326           326           -0.0081       -0            -0.0081       -0.0081       
327           327           -0.0743       -0.0048       -0.0791       -0.0791       
328           328           -0.0227       -0.018        -0.0407       -0.0407       
329           329           -0.0874       -0.009        -0.0964       -0.0964       
330           330           +0            +0            +0            +0            
331           331           +0.0215       -0.0001       +0.0214       +0.0214       
332           332           +0            +0            +0            +0            
333           333           +0            +0            +0            +0            
334           334           +0            +0            +0            +0            
335           335           +0            +0            +0            +0            
336           336           +0            +0            +0            +0            
337           337           +0            +0            +0            +0            
338           338           +0            +0            +0            +0            
339           339           +0.0253       -0            +0.0253       +0.0253       
