Frame         Time          Elec          VdW           Nonbond       Total         
0             0             +0            +0            +0            +0            
1             1             +0            +0            +0            +0            
2             2             +0            +0            +0            +0            
3             3             +0            +0            +0            +0            
4             4             +0            +0            +0            +0            
5             5             +0            +0            +0            +0            
6             6             +0            +0            +0            +0            
7             7             +0            +0            +0            +0            
8             8             +0            +0            +0            +0            
9             9             +0            +0            +0            +0            
10            10            +0            +0            +0            +0            
11            11            +0            +0            +0            +0            
12            12            +0            +0            +0            +0            
13            13            +0            +0            +0            +0            
14            14            +0            +0            +0            +0            
15            15            +0            +0            +0            +0            
16            16            +0            +0            +0            +0            
17            17            +0            +0            +0            +0            
18            18            +0            +0            +0            +0            
19            19            +0            +0            +0            +0            
20            20            +0            +0            +0            +0            
21            21            +0            +0            +0            +0            
22            22            +0            +0            +0            +0            
23            23            +0            +0            +0            +0            
24            24            +0            +0            +0            +0            
25            25            +0            +0            +0            +0            
26            26            +0            +0            +0            +0            
27            27            +0            +0            +0            +0            
28            28            +0            +0            +0            +0            
29            29            +0            +0            +0            +0            
30            30            +0            +0            +0            +0            
31            31            +0            +0            +0            +0            
32            32            +0            +0            +0            +0            
33            33            +0            +0            +0            +0            
34            34            +0            +0            +0            +0            
35            35            +0            +0            +0            +0            
36            36            +0            +0            +0            +0            
37            37            +0            +0            +0            +0            
38            38            +0            +0            +0            +0            
39            39            +0            +0            +0            +0            
40            40            +0            +0            +0            +0            
41            41            +0            +0            +0            +0            
42            42            +0            +0            +0            +0            
43            43            +0            +0            +0            +0            
44            44            +0            +0            +0            +0            
45            45            +0            +0            +0            +0            
46            46            +0            +0            +0            +0            
47            47            +0            +0            +0            +0            
48            48            +0            +0            +0            +0            
49            49            +0            +0            +0            +0            
50            50            +0            +0            +0            +0            
51            51            +0            +0            +0            +0            
52            52            +0            +0            +0            +0            
53            53            +0            +0            +0            +0            
54            54            +0            +0            +0            +0            
55            55            +0            +0            +0            +0            
56            56            +0            +0            +0            +0            
57            57            +0            +0            +0            +0            
58            58            +0            +0            +0            +0            
59            59            +0            +0            +0            +0            
60            60            +0            +0            +0            +0            
61            61            +0            +0            +0            +0            
62            62            +0            +0            +0            +0            
63            63            -0.0286       -0.0005       -0.0291       -0.0291       
64            64            +0            +0            +0            +0            
65            65            +0            +0            +0            +0            
66            66            +0            +0            +0            +0            
67            67            +0            +0            +0            +0            
68            68            -0.0903       -0.0001       -0.0904       -0.0904       
69            69            -0.0172       -0            -0.0172       -0.0172       
70            70            +0            +0            +0            +0            
71            71            -0.0356       -0            -0.0356       -0.0356       
72            72            +0            +0            +0            +0            
73            73            +0            +0            +0            +0            
74            74            +0            +0            +0            +0            
75            75            +0            +0            +0            +0            
76            76            -0.0582       -0            -0.0582       -0.0582       
77            77            +0.1304       -0.0005       +0.1299       +0.1299       
78            78            +0.0401       -0.0004       +0.0397       +0.0397       
79            79            -0.0202       -0            -0.0202       -0.0202       
80            80            -0.0252       -0.0001       -0.0253       -0.0253       
81            81            -0.0973       -0.0004       -0.0977       -0.0977       
82            82            -0.0025       -0            -0.0025       -0.0025       
83            83            -0.0148       -0.0003       -0.0151       -0.0151       
84            84            -0.0002       -0.0001       -0.0003       -0.0003       
85            85            -0.005        -0            -0.005        -0.005        
86            86            +0            +0            +0            +0            
87            87            -0.023        -0            -0.023        -0.023        
88            88            +0            +0            +0            +0            
89            89            -0.0173       -0            -0.0173       -0.0173       
90            90            +0            +0            +0            +0            
91            91            -0.0181       -0            -0.0181       -0.0181       
92            92            -0.0015       -0            -0.0015       -0.0015       
93            93            -0.0871       -0.0002       -0.0873       -0.0873       
94            94            -0.0351       -0.0001       -0.0352       -0.0352       
95            95            +0.0095       -0.0006       +0.0089       +0.0089       
96            96            -0.0134       -0            -0.0134       -0.0134       
97            97            -0.0265       -0.0003       -0.0268       -0.0268       
98            98            -0.0258       -0.0003       -0.0261       -0.0261       
99            99            -0.062        -0.0001       -0.0621       -0.0621       
100           100           -0.0726       -0.0001       -0.0727       -0.0727       
101           101           -0.0766       -0.0001       -0.0767       -0.0767       
102           102           -0.0445       -0.0002       -0.0447       -0.0447       
103           103           -0.0188       -0            -0.0188       -0.0188       
104           104           -0.0515       -0.0001       -0.0516       -0.0516       
105           105           +0            +0            +0            +0            
106           106           -0.0034       -0            -0.0034       -0.0034       
107           107           -0.0267       -0.0001       -0.0268       -0.0268       
108           108           +0.0409       -0.0004       +0.0405       +0.0405       
109           109           -0.051        -0            -0.051        -0.051        
110           110           -0.0034       -0            -0.0034       -0.0034       
111           111           +0.0027       -0.0001       +0.0026       +0.0026       
112           112           +0.0909       -0.0001       +0.0908       +0.0908       
113           113           -0.1125       -0.0015       -0.114        -0.114        
114           114           -0.0222       -0.0002       -0.0224       -0.0224       
115           115           -0.0124       -0            -0.0124       -0.0124       
116           116           -0.0261       -0.0001       -0.0262       -0.0262       
117           117           -0.0512       -0.0001       -0.0513       -0.0513       
118           118           -0.0414       -0.0001       -0.0415       -0.0415       
119           119           -0.0308       -0.0011       -0.0319       -0.0319       
120           120           +0.1571       -0.0025       +0.1546       +0.1546       
121           121           +0.0131       -0.001        +0.0121       +0.0121       
122           122           +0.0527       -0.0021       +0.0506       +0.0506       
123           123           -0.0456       -0.0001       -0.0457       -0.0457       
124           124           -0.0256       -0.0001       -0.0257       -0.0257       
125           125           -0.0328       -0.0007       -0.0335       -0.0335       
126           126           -0.0395       -0.0001       -0.0396       -0.0396       
127           127           +0.0496       -0.0011       +0.0485       +0.0485       
128           128           -0.082        -0.0001       -0.0821       -0.0821       
129           129           -0.0165       -0.0001       -0.0166       -0.0166       
130           130           -0.0295       -0.0002       -0.0297       -0.0297       
131           131           +0.0085       -0.0009       +0.0076       +0.0076       
132           132           -0.0331       -0.0002       -0.0333       -0.0333       
133           133           -0.0466       -0.0001       -0.0467       -0.0467       
134           134           -0.0702       -0.0001       -0.0703       -0.0703       
135           135           -0.1138       -0.0002       -0.114        -0.114        
136           136           -0.0824       -0.0003       -0.0827       -0.0827       
137           137           -0.0201       -0            -0.0201       -0.0201       
138           138           -0.0206       -0            -0.0206       -0.0206       
139           139           -0.0983       -0.0005       -0.0988       -0.0988       
140           140           -0.0725       -0.0001       -0.0726       -0.0726       
141           141           +0            +0            +0            +0            
142           142           -0.0723       -0.0001       -0.0724       -0.0724       
143           143           -0.0474       -0.0001       -0.0475       -0.0475       
144           144           -0.0301       -0            -0.0301       -0.0301       
145           145           -0.0216       -0            -0.0216       -0.0216       
146           146           -0.0452       -0.0001       -0.0453       -0.0453       
147           147           -0.0031       -0            -0.0031       -0.0031       
148           148           -0.0001       -0            -0.0001       -0.0001       
149           149           +0            +0            +0            +0            
150           150           -0.1082       -0.0002       -0.1084       -0.1084       
151           151           -0.0243       -0            -0.0243       -0.0243       
152           152           -0.1099       -0.0001       -0.11         -0.11         
153           153           +0.2632       -0.002        +0.2612       +0.2612       
154           154           +0.2571       -0.0013       +0.2558       +0.2558       
155           155           +0.2832       -0.0023       +0.2809       +0.2809       
156           156           +0.09         -0.0006       +0.0894       +0.0894       
157           157           -0.0517       -0            -0.0517       -0.0517       
158           158           +0.0471       -0.0017       +0.0454       +0.0454       
159           159           +0.4005       -0.0012       +0.3993       +0.3993       
160           160           +0.104        -0.0009       +0.1031       +0.1031       
161           161           +0.4816       -0.0029       +0.4787       +0.4787       
162           162           +0.3136       -0.0022       +0.3114       +0.3114       
163           163           +0.0021       -0            +0.0021       +0.0021       
164           164           -0.0344       -0            -0.0344       -0.0344       
165           165           +0.3632       -0.0008       +0.3624       +0.3624       
166           166           -0.0004       -0            -0.0004       -0.0004       
167           167           -0.0728       -0            -0.0728       -0.0728       
168           168           +0.0011       -0.0007       +0.0004       +0.0004       
169           169           -0.0361       -0            -0.0361       -0.0361       
170           170           -0.0024       -0            -0.0024       -0.0024       
171           171           -0.0786       -0.0001       -0.0787       -0.0787       
172           172           +0.0515       -0.0003       +0.0512       +0.0512       
173           173           -0.0181       -0.0004       -0.0185       -0.0185       
174           174           -0.0695       -0.0001       -0.0696       -0.0696       
175           175           -0.0196       -0            -0.0196       -0.0196       
176           176           +0            +0            +0            +0            
177           177           -0.0014       -0            -0.0014       -0.0014       
178           178           -0.0301       -0            -0.0301       -0.0301       
179           179           -0.0004       -0            -0.0004       -0.0004       
180           180           +0            +0            +0            +0            
181           181           +0            +0            +0            +0            
182           182           -0.0231       -0            -0.0231       -0.0231       
183           183           -0.0245       -0.0001       -0.0246       -0.0246       
184           184           -0.0458       -0.0002       -0.046        -0.046        
185           185           -0.0378       -0.0002       -0.038        -0.038        
186           186           +0.2296       -0.0005       +0.2291       +0.2291       
187           187           +0.0114       -0.0004       +0.011        +0.011        
188           188           +0.0013       -0            +0.0013       +0.0013       
189           189           +0.1636       -0.0019       +0.1617       +0.1617       
190           190           -0.0108       -0.0003       -0.0111       -0.0111       
191           191           -0.0148       -0.0003       -0.0151       -0.0151       
192           192           -0.0479       -0.0001       -0.048        -0.048        
193           193           -0.0406       -0.0002       -0.0408       -0.0408       
194           194           -0.0063       -0            -0.0063       -0.0063       
195           195           -0.1074       -0.0003       -0.1077       -0.1077       
196           196           -0.0149       -0            -0.0149       -0.0149       
197           197           -0.0312       -0.0001       -0.0313       -0.0313       
198           198           -0.003        -0            -0.003        -0.003        
199           199           -0.0071       -0.0004       -0.0075       -0.0075       
200           200           -0.0691       -0.0003       -0.0694       -0.0694       
201           201           -0.045        -0.0001       -0.0451       -0.0451       
202           202           -0.0336       -0.0002       -0.0338       -0.0338       
203           203           -0.038        -0.0003       -0.0383       -0.0383       
204           204           -0.0894       -0.0002       -0.0896       -0.0896       
205           205           +0.0189       -0.0003       +0.0186       +0.0186       
206           206           -0.0484       -0.0009       -0.0493       -0.0493       
207           207           -0.0221       -0            -0.0221       -0.0221       
208           208           -0.0334       -0.0001       -0.0335       -0.0335       
209           209           -0.0159       -0            -0.0159       -0.0159       
210           210           -0.0618       -0.0006       -0.0624       -0.0624       
211           211           -0.0192       -0.0001       -0.0193       -0.0193       
212           212           -0.0159       -0            -0.0159       -0.0159       
213           213           -0.0055       -0.0008       -0.0063       -0.0063       
214           214           -0.0176       -0            -0.0176       -0.0176       
215           215           -0.0382       -0            -0.0382       -0.0382       
216           216           -0.104        -0.0002       -0.1042       -0.1042       
217           217           -0.0619       -0            -0.0619       -0.0619       
218           218           -0            -0            -0            -0            
219           219           -0.0096       -0.0007       -0.0103       -0.0103       
220           220           +0.0213       -0.0007       +0.0206       +0.0206       
221           221           -0.0446       -0.0004       -0.045        -0.045        
222           222           -0.0574       -0.0003       -0.0577       -0.0577       
223           223           -0.0113       -0            -0.0113       -0.0113       
224           224           -0.033        -0.0001       -0.0331       -0.0331       
225           225           -0.0126       -0            -0.0126       -0.0126       
226           226           -0.0092       -0            -0.0092       -0.0092       
227           227           -0.0567       -0.0001       -0.0568       -0.0568       
228           228           -0.0219       -0.0001       -0.022        -0.022        
229           229           +0.1295       -0.0008       +0.1287       +0.1287       
230           230           -0.0506       -0.0001       -0.0507       -0.0507       
231           231           -0.0148       -0.0004       -0.0152       -0.0152       
232           232           -0.0373       -0.0002       -0.0375       -0.0375       
233           233           -0.0201       -0            -0.0201       -0.0201       
234           234           -0.0264       -0            -0.0264       -0.0264       
235           235           -0.0248       -0            -0.0248       -0.0248       
236           236           -0.0362       -0            -0.0362       -0.0362       
237           237           -0.0121       -0            -0.0121       -0.0121       
238           238           -0.0166       -0            -0.0166       -0.0166       
239           239           -0.0006       -0            -0.0006       -0.0006       
240           240           -0.0281       -0.0002       -0.0283       -0.0283       
241           241           -0.0363       -0.0001       -0.0364       -0.0364       
242           242           -0.0149       -0            -0.0149       -0.0149       
243           243           -0.0001       -0            -0.0001       -0.0001       
244           244           -0.013        -0            -0.013        -0.013        
245           245           +0            +0            +0            +0            
246           246           -0.0167       -0            -0.0167       -0.0167       
247           247           -0.0247       -0            -0.0247       -0.0247       
248           248           -0.0349       -0.0002       -0.0351       -0.0351       
249           249           -0.0267       -0.0002       -0.0269       -0.0269       
250           250           -0.0045       -0.0002       -0.0047       -0.0047       
251           251           -0.0101       -0            -0.0101       -0.0101       
252           252           +0            +0            +0            +0            
253           253           -0.0128       -0            -0.0128       -0.0128       
254           254           -0.0134       -0            -0.0134       -0.0134       
255           255           -0.0911       -0.0001       -0.0912       -0.0912       
256           256           -0.0456       -0.0003       -0.0459       -0.0459       
257           257           -0.0061       -0            -0.0061       -0.0061       
258           258           -0.1027       -0.0001       -0.1028       -0.1028       
259           259           -0.026        -0.0002       -0.0262       -0.0262       
260           260           -0.0259       -0.0001       -0.026        -0.026        
261           261           -0.0817       -0.0001       -0.0818       -0.0818       
262           262           -0.0324       -0            -0.0324       -0.0324       
263           263           -0.0241       -0.0002       -0.0243       -0.0243       
264           264           -0.0183       -0            -0.0183       -0.0183       
265           265           -0.0244       -0.0001       -0.0245       -0.0245       
266           266           -0.1349       -0.0003       -0.1352       -0.1352       
267           267           -0.1007       -0.0004       -0.1011       -0.1011       
268           268           -0.0226       -0            -0.0226       -0.0226       
269           269           -0.0416       -0.0004       -0.042        -0.042        
270           270           -0.0181       -0.0004       -0.0185       -0.0185       
271           271           -0.0598       -0            -0.0598       -0.0598       
272           272           -0.0102       -0            -0.0102       -0.0102       
273           273           -0.0325       -0.0002       -0.0327       -0.0327       
274           274           -0.0319       -0.0003       -0.0322       -0.0322       
275           275           -0.0324       -0.0001       -0.0325       -0.0325       
276           276           -0.0298       -0.0002       -0.03         -0.03         
277           277           -0.0388       -0.0005       -0.0393       -0.0393       
278           278           -0.0228       -0.0003       -0.0231       -0.0231       
279           279           -0.0644       -0.0002       -0.0646       -0.0646       
280           280           -0.0315       -0.0001       -0.0316       -0.0316       
281           281           -0.081        -0.0001       -0.0811       -0.0811       
282           282           -0.0274       -0.0001       -0.0275       -0.0275       
283           283           -0.0037       -0            -0.0037       -0.0037       
284           284           +0.0002       -0            +0.0002       +0.0002       
285           285           -0.0461       -0.0005       -0.0466       -0.0466       
286           286           -0.0484       -0.0001       -0.0485       -0.0485       
287           287           -0.012        -0            -0.012        -0.012        
288           288           -0.0017       -0            -0.0017       -0.0017       
289           289           -0.0872       -0.0006       -0.0878       -0.0878       
290           290           -0.0232       -0.0001       -0.0233       -0.0233       
291           291           -0.0226       -0.0003       -0.0229       -0.0229       
292           292           -0.0452       -0.0001       -0.0453       -0.0453       
293           293           -0.0265       -0.0002       -0.0267       -0.0267       
294           294           +0            +0            +0            +0            
295           295           -0.0008       -0            -0.0008       -0.0008       
296           296           +0            +0            +0            +0            
297           297           +0            +0            +0            +0            
298           298           -0.0098       -0            -0.0098       -0.0098       
299           299           -0.0036       -0            -0.0036       -0.0036       
300           300           -0.0055       -0            -0.0055       -0.0055       
301           301           +0            +0            +0            +0            
302           302           -0.0028       -0            -0.0028       -0.0028       
303           303           -0.019        -0.0006       -0.0196       -0.0196       
304           304           -0.0132       -0            -0.0132       -0.0132       
305           305           -0.0147       -0            -0.0147       -0.0147       
306           306           -0.0193       -0            -0.0193       -0.0193       
307           307           -0.0087       -0            -0.0087       -0.0087       
308           308           -0.0064       -0            -0.0064       -0.0064       
309           309           -0.0181       -0.0004       -0.0185       -0.0185       
310           310           -0.0221       -0.0002       -0.0223       -0.0223       
311           311           -0.0262       -0.0005       -0.0267       -0.0267       
312           312           +0            +0            +0            +0            
313           313           -0.0015       -0            -0.0015       -0.0015       
314           314           -0.0038       -0            -0.0038       -0.0038       
315           315           -0.013        -0            -0.013        -0.013        
316           316           +0            +0            +0            +0            
317           317           +0            +0            +0            +0            
318           318           +0            +0            +0            +0            
319           319           -0.0158       -0            -0.0158       -0.0158       
320           320           +0            +0            +0            +0            
321           321           +0            +0            +0            +0            
322           322           +0            +0            +0            +0            
323           323           +0            +0            +0            +0            
324           324           +0            +0            +0            +0            
325           325           +0            +0            +0            +0            
326           326           +0            +0            +0            +0            
327           327           +0            +0            +0            +0            
328           328           -0.0034       -0            -0.0034       -0.0034       
329           329           +0            +0            +0            +0            
330           330           +0            +0            +0            +0            
331           331           +0            +0            +0            +0            
332           332           +0            +0            +0            +0            
333           333           +0            +0            +0            +0            
334           334           +0            +0            +0            +0            
335           335           +0            +0            +0            +0            
336           336           +0            +0            +0            +0            
337           337           +0            +0            +0            +0            
338           338           +0            +0            +0            +0            
339           339           +0            +0            +0            +0            
