Frame         Time          Elec          VdW           Nonbond       Total         
0             0             +0            +0            +0            +0            
1             1             +0            +0            +0            +0            
2             2             +0            +0            +0            +0            
3             3             +0            +0            +0            +0            
4             4             +0.0527       -0.0005       +0.0522       +0.0522       
5             5             +0            +0            +0            +0            
6             6             -0.0109       -0            -0.0109       -0.0109       
7             7             -0.0035       -0            -0.0035       -0.0035       
8             8             +0            +0            +0            +0            
9             9             +0            +0            +0            +0            
10            10            +0            +0            +0            +0            
11            11            +0            +0            +0            +0            
12            12            +0            +0            +0            +0            
13            13            +0            +0            +0            +0            
14            14            +0            +0            +0            +0            
15            15            +0            +0            +0            +0            
16            16            +0            +0            +0            +0            
17            17            +0            +0            +0            +0            
18            18            +0            +0            +0            +0            
19            19            +0            +0            +0            +0            
20            20            +0            +0            +0            +0            
21            21            +0            +0            +0            +0            
22            22            +0            +0            +0            +0            
23            23            +0            +0            +0            +0            
24            24            +0            +0            +0            +0            
25            25            +0            +0            +0            +0            
26            26            +0            +0            +0            +0            
27            27            +0            +0            +0            +0            
28            28            +0            +0            +0            +0            
29            29            +0            +0            +0            +0            
30            30            +0            +0            +0            +0            
31            31            -0.0211       -0            -0.0211       -0.0211       
32            32            -0.1113       -0.0001       -0.1114       -0.1114       
33            33            +0            +0            +0            +0            
34            34            -0.2233       -0.0061       -0.2294       -0.2294       
35            35            +0.0217       -0            +0.0217       +0.0217       
36            36            +0            +0            +0            +0            
37            37            +0            +0            +0            +0            
38            38            +0            +0            +0            +0            
39            39            +0            +0            +0            +0            
40            40            +0            +0            +0            +0            
41            41            +0            +0            +0            +0            
42            42            +0            +0            +0            +0            
43            43            +0            +0            +0            +0            
44            44            +0            +0            +0            +0            
45            45            +0            +0            +0            +0            
46            46            +0            +0            +0            +0            
47            47            +0.0065       -0            +0.0065       +0.0065       
48            48            +0            +0            +0            +0            
49            49            +0            +0            +0            +0            
50            50            -0.0926       -0.0002       -0.0928       -0.0928       
51            51            +0.4436       -0.0105       +0.4331       +0.4331       
52            52            +0.0009       -0            +0.0009       +0.0009       
53            53            +0            +0            +0            +0            
54            54            +0            +0            +0            +0            
55            55            -0.0788       -0.0009       -0.0797       -0.0797       
56            56            +0.7468       -0.0344       +0.7124       +0.7124       
57            57            +0            +0            +0            +0            
58            58            +0            +0            +0            +0            
59            59            +0            +0            +0            +0            
60            60            +0            +0            +0            +0            
61            61            +0.0029       -0.0001       +0.0028       +0.0028       
62            62            +0            +0            +0            +0            
63            63            +0.0418       -0.0012       +0.0406       +0.0406       
64            64            +0            +0            +0            +0            
65            65            +0            +0            +0            +0            
66            66            +0            +0            +0            +0            
67            67            +0.0112       -0.0012       +0.01         +0.01         
68            68            -0.4808       -0.208        -0.6888       -0.6888       
69            69            -0.0177       -0.0736       -0.0913       -0.0913       
70            70            +0.757        -0.0792       +0.6778       +0.6778       
71            71            -0.3357       -0.0796       -0.4153       -0.4153       
72            72            -0.2523       -0.0652       -0.3175       -0.3175       
73            73            -0.2958       -0.0855       -0.3813       -0.3813       
74            74            -0.67         -0.0443       -0.7143       -0.7143       
75            75            -0.3527       -0.1832       -0.5359       -0.5359       
76            76            -0.366        -0.1598       -0.5258       -0.5258       
77            77            +0.1508       -0.1528       -0.002        -0.002        
78            78            +0.0077       -0.1823       -0.1746       -0.1746       
79            79            +0.1256       -0.0145       +0.1111       +0.1111       
80            80            -0.3049       -0.0183       -0.3232       -0.3232       
81            81            +0.0272       -0.237        -0.2098       -0.2098       
82            82            +0.1684       -0.2101       -0.0417       -0.0417       
83            83            -0.4573       -0.1986       -0.6559       -0.6559       
84            84            +0.112        -0.1294       -0.0174       -0.0174       
85            85            +0.0876       -0.1271       -0.0395       -0.0395       
86            86            +0.2351       -0.0681       +0.167        +0.167        
87            87            +0.179        -0.0256       +0.1534       +0.1534       
88            88            +0.8366       -0.0809       +0.7557       +0.7557       
89            89            -0.0675       -0.0973       -0.1648       -0.1648       
90            90            -0.0127       -0.0042       -0.0169       -0.0169       
91            91            -0.0501       -0.044        -0.0941       -0.0941       
92            92            +0.0444       -0.0366       +0.0078       +0.0078       
93            93            +0.2328       -0.0753       +0.1575       +0.1575       
94            94            -0.268        -0.1779       -0.4459       -0.4459       
95            95            -0.2081       -0.2271       -0.4352       -0.4352       
96            96            -0.0621       -0.2023       -0.2644       -0.2644       
97            97            -0.1391       -0.1692       -0.3083       -0.3083       
98            98            -0.2403       -0.1865       -0.4268       -0.4268       
99            99            -0.1296       -0.2477       -0.3773       -0.3773       
100           100           -0.2841       -0.4238       -0.7079       -0.7079       
101           101           -0.7828       -0.3353       -1.1181       -1.1181       
102           102           +0.0123       -0.3014       -0.2891       -0.2891       
103           103           -0.1941       -0.2099       -0.404        -0.404        
104           104           -0.0956       -0.1508       -0.2464       -0.2464       
105           105           +0.261        -0.1602       +0.1008       +0.1008       
106           106           +0.0811       -0.1349       -0.0538       -0.0538       
107           107           +0.2522       -0.2862       -0.034        -0.034        
108           108           -0.0079       -0.181        -0.1889       -0.1889       
109           109           -0.0103       -0.1341       -0.1444       -0.1444       
110           110           +0.3925       -0.1541       +0.2384       +0.2384       
111           111           -0.6357       -0.3152       -0.9509       -0.9509       
112           112           +2.3958       -0.4788       +1.917        +1.917        
113           113           -0.8425       -0.204        -1.0465       -1.0465       
114           114           -0.3229       -0.0414       -0.3643       -0.3643       
115           115           +0.0437       -0.1462       -0.1025       -0.1025       
116           116           +0.0355       -0.0509       -0.0154       -0.0154       
117           117           -0.0592       -0.4016       -0.4608       -0.4608       
118           118           +0.0701       -0.125        -0.0549       -0.0549       
119           119           +2.4982       -0.9002       +1.598        +1.598        
120           120           -0.4934       -0.7674       -1.2608       -1.2608       
121           121           -0.0265       -0.0988       -0.1253       -0.1253       
122           122           +0.0745       -0.4404       -0.3659       -0.3659       
123           123           +0.046        -0.1468       -0.1008       -0.1008       
124           124           -0.2203       -0.1964       -0.4167       -0.4167       
125           125           -1.3505       -0.4559       -1.8064       -1.8064       
126           126           -0.4373       -0.2204       -0.6577       -0.6577       
127           127           -0.2172       -0.0717       -0.2889       -0.2889       
128           128           -0.5626       -0.185        -0.7476       -0.7476       
129           129           -0.3611       -0.1733       -0.5344       -0.5344       
130           130           -0.3216       -0.2265       -0.5481       -0.5481       
131           131           -0.885        -0.3861       -1.2711       -1.2711       
132           132           -0.2683       -0.1565       -0.4248       -0.4248       
133           133           -0.2959       -0.1957       -0.4916       -0.4916       
134           134           -0.6687       -0.204        -0.8727       -0.8727       
135           135           -0.785        -0.4236       -1.2086       -1.2086       
136           136           -0.3579       -0.1658       -0.5237       -0.5237       
137           137           +0.0361       -0.1767       -0.1406       -0.1406       
138           138           +0.2793       -0.2592       +0.0201       +0.0201       
139           139           -0.5454       -0.4477       -0.9931       -0.9931       
140           140           -0.3981       -0.3129       -0.711        -0.711        
141           141           -0.0987       -0.1033       -0.202        -0.202        
142           142           -0.3566       -0.2372       -0.5938       -0.5938       
143           143           -0.2982       -0.2438       -0.542        -0.542        
144           144           +0.3038       -0.2272       +0.0766       +0.0766       
145           145           +0.01         -0.2042       -0.1942       -0.1942       
146           146           -0.8665       -0.208        -1.0745       -1.0745       
147           147           +0.1034       -0.1491       -0.0457       -0.0457       
148           148           +0.5063       -0.0895       +0.4168       +0.4168       
149           149           +0.0029       -0.1397       -0.1368       -0.1368       
150           150           -0.2002       -0.1425       -0.3427       -0.3427       
151           151           -0.0064       -0.2288       -0.2352       -0.2352       
152           152           -1.2392       -0.3684       -1.6076       -1.6076       
153           153           +1.3726       -1.3631       +0.0095       +0.0095       
154           154           +4.1056       -1.3249       +2.7807       +2.7807       
155           155           -2.8609       -1.3515       -4.2124       -4.2124       
156           156           +1.1037       -0.4272       +0.6765       +0.6765       
157           157           +0.0471       -0.673        -0.6259       -0.6259       
158           158           -4.1484       +0.3006       -3.8478       -3.8478       
159           159           +2.3581       -0.9592       +1.3989       +1.3989       
160           160           +0.7182       -0.9489       -0.2307       -0.2307       
161           161           +1.5888       -0.8883       +0.7005       +0.7005       
162           162           +0.9657       -1.5413       -0.5756       -0.5756       
163           163           +1.5455       -0.4807       +1.0648       +1.0648       
164           164           -0.3096       -0.1645       -0.4741       -0.4741       
165           165           +2.7051       -0.3523       +2.3528       +2.3528       
166           166           +1.5866       -0.3771       +1.2095       +1.2095       
167           167           -0.5541       -0.3038       -0.8579       -0.8579       
168           168           -0.0283       -0.1108       -0.1391       -0.1391       
169           169           +0.1063       -0.2177       -0.1114       -0.1114       
170           170           +0.721        -0.1672       +0.5538       +0.5538       
171           171           +0.4106       -0.1343       +0.2763       +0.2763       
172           172           +0.0735       -0.1463       -0.0728       -0.0728       
173           173           +0.1548       -0.236        -0.0812       -0.0812       
174           174           +0.6653       -0.0736       +0.5917       +0.5917       
175           175           +0.6379       -0.0836       +0.5543       +0.5543       
176           176           +0.1284       -0.0626       +0.0658       +0.0658       
177           177           +0.5815       -0.1299       +0.4516       +0.4516       
178           178           -0.0025       -0.3335       -0.336        -0.336        
179           179           +1.0817       -0.1359       +0.9458       +0.9458       
180           180           +1.0101       -0.0647       +0.9454       +0.9454       
181           181           +0.2788       -0.0687       +0.2101       +0.2101       
182           182           +0.4113       -0.037        +0.3743       +0.3743       
183           183           +0.4462       -0.1813       +0.2649       +0.2649       
184           184           -0.465        -0.2036       -0.6686       -0.6686       
185           185           +0.5822       -0.3558       +0.2264       +0.2264       
186           186           +8.476        -1.0599       +7.4161       +7.4161       
187           187           +1.2542       -0.4931       +0.7611       +0.7611       
188           188           +0.0745       -0.1196       -0.0451       -0.0451       
189           189           +1.6878       -0.6171       +1.0707       +1.0707       
190           190           +0.5512       -0.1836       +0.3676       +0.3676       
191           191           +0.344        -0.115        +0.229        +0.229        
192           192           -0.0464       -0.1396       -0.186        -0.186        
193           193           -0.2116       -0.1595       -0.3711       -0.3711       
194           194           -0.2727       -0.1877       -0.4604       -0.4604       
195           195           +0.1138       -0.3012       -0.1874       -0.1874       
196           196           -0.0594       -0.0677       -0.1271       -0.1271       
197           197           -0.2277       -0.1459       -0.3736       -0.3736       
198           198           -0.252        -0.0503       -0.3023       -0.3023       
199           199           -0.3002       -0.237        -0.5372       -0.5372       
200           200           -0.688        -0.2734       -0.9614       -0.9614       
201           201           -0.2728       -0.2456       -0.5184       -0.5184       
202           202           +0.1342       -0.2252       -0.091        -0.091        
203           203           -0.1365       -0.4728       -0.6093       -0.6093       
204           204           -0.4538       -0.2258       -0.6796       -0.6796       
205           205           +0.2411       -0.1818       +0.0593       +0.0593       
206           206           -0.64         -0.208        -0.848        -0.848        
207           207           -0.4756       -0.1411       -0.6167       -0.6167       
208           208           -0.0776       -0.1863       -0.2639       -0.2639       
209           209           -0.6915       -0.2147       -0.9062       -0.9062       
210           210           -0.3895       -0.0959       -0.4854       -0.4854       
211           211           -0.3249       -0.2587       -0.5836       -0.5836       
212           212           -0.3124       -0.1448       -0.4572       -0.4572       
213           213           +0.1972       -0.1151       +0.0821       +0.0821       
214           214           +0.3267       -0.1195       +0.2072       +0.2072       
215           215           -0.6547       -0.2488       -0.9035       -0.9035       
216           216           -0.4482       -0.1692       -0.6174       -0.6174       
217           217           -0.4774       -0.2019       -0.6793       -0.6793       
218           218           -0.1493       -0.1299       -0.2792       -0.2792       
219           219           +0.2223       -0.2295       -0.0072       -0.0072       
220           220           -0.2452       -0.3209       -0.5661       -0.5661       
221           221           -0.1911       -0.1767       -0.3678       -0.3678       
222           222           +0.1347       -0.0909       +0.0438       +0.0438       
223           223           -0.1047       -0.0262       -0.1309       -0.1309       
224           224           +0.1773       -0.1075       +0.0698       +0.0698       
225           225           +0.7115       -0.2332       +0.4783       +0.4783       
226           226           +0.1656       -0.1289       +0.0367       +0.0367       
227           227           -0.3518       -0.1413       -0.4931       -0.4931       
228           228           -0.597        -0.2433       -0.8403       -0.8403       
229           229           +0.8119       -0.1463       +0.6656       +0.6656       
230           230           +0.1018       -0.2017       -0.0999       -0.0999       
231           231           +0.6678       -0.1642       +0.5036       +0.5036       
232           232           +0.0939       -0.1598       -0.0659       -0.0659       
233           233           +0.8166       -0.3276       +0.489        +0.489        
234           234           +1.5813       -0.4185       +1.1628       +1.1628       
235           235           -0.1802       -0.3379       -0.5181       -0.5181       
236           236           +0.0936       -0.155        -0.0614       -0.0614       
237           237           -0.1557       -0.1045       -0.2602       -0.2602       
238           238           -0.0142       -0.2282       -0.2424       -0.2424       
239           239           +0.4208       -0.1963       +0.2245       +0.2245       
240           240           +0.1479       -0.1359       +0.012        +0.012        
241           241           +0.1016       -0.2081       -0.1065       -0.1065       
242           242           +0.0464       -0.0239       +0.0225       +0.0225       
243           243           +0.1504       -0.0578       +0.0926       +0.0926       
244           244           +0.2111       -0.0625       +0.1486       +0.1486       
245           245           -0.033        -0.0568       -0.0898       -0.0898       
246           246           +0.7879       -0.1595       +0.6284       +0.6284       
247           247           +0.2027       -0.1578       +0.0449       +0.0449       
248           248           -0.2036       -0.2669       -0.4705       -0.4705       
249           249           +0.1041       -0.3528       -0.2487       -0.2487       
250           250           -0.0002       -0.1953       -0.1955       -0.1955       
251           251           +0.063        -0.1505       -0.0875       -0.0875       
252           252           +0.0693       -0.1012       -0.0319       -0.0319       
253           253           +1.8482       -0.1313       +1.7169       +1.7169       
254           254           +0.7451       -0.2438       +0.5013       +0.5013       
255           255           -0.3376       -0.1987       -0.5363       -0.5363       
256           256           -0.0977       -0.2165       -0.3142       -0.3142       
257           257           +0.6487       -0.1419       +0.5068       +0.5068       
258           258           -0.3036       -0.1641       -0.4677       -0.4677       
259           259           +0.1735       -0.0845       +0.089        +0.089        
260           260           -0.1431       -0.2048       -0.3479       -0.3479       
261           261           -0.0458       -0.1864       -0.2322       -0.2322       
262           262           -0.1536       -0.0985       -0.2521       -0.2521       
263           263           +0.2007       -0.0957       +0.105        +0.105        
264           264           -0.1588       -0.0526       -0.2114       -0.2114       
265           265           +0.016        -0.0834       -0.0674       -0.0674       
266           266           -0.3957       -0.17         -0.5657       -0.5657       
267           267           +1.7061       -0.6364       +1.0697       +1.0697       
268           268           -0.0197       -0.2589       -0.2786       -0.2786       
269           269           +2.7495       -0.6867       +2.0628       +2.0628       
270           270           +0.369        -0.3369       +0.0321       +0.0321       
271           271           +1.5131       -0.0441       +1.469        +1.469        
272           272           +0.0736       -0.3053       -0.2317       -0.2317       
273           273           +0.5677       -0.209        +0.3587       +0.3587       
274           274           +0.5483       -0.0595       +0.4888       +0.4888       
275           275           +0.8397       -0.3365       +0.5032       +0.5032       
276           276           +0.015        -0.0679       -0.0529       -0.0529       
277           277           +0.1556       -0.4652       -0.3096       -0.3096       
278           278           +0.29         -0.291        -0.001        -0.001        
279           279           -0.1817       -0.1049       -0.2866       -0.2866       
280           280           +1.5584       -0.2671       +1.2913       +1.2913       
281           281           +0.3433       -0.3004       +0.0429       +0.0429       
282           282           +0.7553       -0.1992       +0.5561       +0.5561       
283           283           -0.3633       -0.147        -0.5103       -0.5103       
284           284           +2.5337       -0.2936       +2.2401       +2.2401       
285           285           +0.5455       -0.4053       +0.1402       +0.1402       
286           286           +0.4118       -0.0838       +0.328        +0.328        
287           287           +0.085        -0.0832       +0.0018       +0.0018       
288           288           +0.0644       -0.0492       +0.0152       +0.0152       
289           289           +0.0485       -0.2015       -0.153        -0.153        
290           290           +0.1246       -0.1939       -0.0693       -0.0693       
291           291           +0.204        -0.1007       +0.1033       +0.1033       
292           292           +0.1416       -0.0531       +0.0885       +0.0885       
293           293           +1.7189       -0.0493       +1.6696       +1.6696       
294           294           +0.7383       -0.0352       +0.7031       +0.7031       
295           295           -0.081        -0.0006       -0.0816       -0.0816       
296           296           +0.0271       -0            +0.0271       +0.0271       
297           297           -0.1511       -0.0004       -0.1515       -0.1515       
298           298           -0.1336       -0.0011       -0.1347       -0.1347       
299           299           -0.3663       -0.0016       -0.3679       -0.3679       
300           300           -0.0504       -0.0003       -0.0507       -0.0507       
301           301           -0.032        -0.0003       -0.0323       -0.0323       
302           302           -0.0027       -0            -0.0027       -0.0027       
303           303           -0.0004       -0.0006       -0.001        -0.001        
304           304           -0.0132       -0            -0.0132       -0.0132       
305           305           -0.0147       -0            -0.0147       -0.0147       
306           306           -0.0193       -0            -0.0193       -0.0193       
307           307           -0.0154       -0            -0.0154       -0.0154       
308           308           +0.0796       -0.0296       +0.05         +0.05         
309           309           +0.4223       -0.0294       +0.3929       +0.3929       
310           310           +0.4314       -0.0305       +0.4009       +0.4009       
311           311           +0.2271       -0.0262       +0.2009       +0.2009       
312           312           -0.0173       -0.0006       -0.0179       -0.0179       
313           313           -0.0247       -0.0001       -0.0248       -0.0248       
314           314           +0.0513       -0.0017       +0.0496       +0.0496       
315           315           -0.0344       -0.0004       -0.0348       -0.0348       
316           316           +0            +0            +0            +0            
317           317           +0            +0            +0            +0            
318           318           +0.0213       -0.0006       +0.0207       +0.0207       
319           319           -0.1147       -0.0007       -0.1154       -0.1154       
320           320           +0            +0            +0            +0            
321           321           +0            +0            +0            +0            
322           322           +0            +0            +0            +0            
323           323           +0            +0            +0            +0            
324           324           +0            +0            +0            +0            
325           325           +0            +0            +0            +0            
326           326           +0            +0            +0            +0            
327           327           +0            +0            +0            +0            
328           328           -0.0034       -0            -0.0034       -0.0034       
329           329           +0            +0            +0            +0            
330           330           +0            +0            +0            +0            
331           331           +0            +0            +0            +0            
332           332           +0            +0            +0            +0            
333           333           +0            +0            +0            +0            
334           334           +0            +0            +0            +0            
335           335           +0            +0            +0            +0            
336           336           +0            +0            +0            +0            
337           337           +0            +0            +0            +0            
338           338           +0            +0            +0            +0            
339           339           +0            +0            +0            +0            
