Frame         Time          Elec          VdW           Nonbond       Total         
0             0             +0            +0            +0            +0            
1             1             +0            +0            +0            +0            
2             2             +0            +0            +0            +0            
3             3             +0            +0            +0            +0            
4             4             +0            +0            +0            +0            
5             5             +0            +0            +0            +0            
6             6             +0            +0            +0            +0            
7             7             +0            +0            +0            +0            
8             8             +0            +0            +0            +0            
9             9             +0            +0            +0            +0            
10            10            +0            +0            +0            +0            
11            11            +0            +0            +0            +0            
12            12            +0            +0            +0            +0            
13            13            +0            +0            +0            +0            
14            14            +0            +0            +0            +0            
15            15            +0            +0            +0            +0            
16            16            +0            +0            +0            +0            
17            17            +0            +0            +0            +0            
18            18            +0            +0            +0            +0            
19            19            +0            +0            +0            +0            
20            20            +0            +0            +0            +0            
21            21            +0            +0            +0            +0            
22            22            +0            +0            +0            +0            
23            23            +0            +0            +0            +0            
24            24            +0            +0            +0            +0            
25            25            +0            +0            +0            +0            
26            26            +0            +0            +0            +0            
27            27            +0            +0            +0            +0            
28            28            +0            +0            +0            +0            
29            29            +0            +0            +0            +0            
30            30            +0            +0            +0            +0            
31            31            +0            +0            +0            +0            
32            32            +0            +0            +0            +0            
33            33            +0            +0            +0            +0            
34            34            +0            +0            +0            +0            
35            35            +0            +0            +0            +0            
36            36            +0            +0            +0            +0            
37            37            +0            +0            +0            +0            
38            38            +0            +0            +0            +0            
39            39            +0            +0            +0            +0            
40            40            +0            +0            +0            +0            
41            41            +0            +0            +0            +0            
42            42            +0            +0            +0            +0            
43            43            +0            +0            +0            +0            
44            44            +0            +0            +0            +0            
45            45            +0            +0            +0            +0            
46            46            +0            +0            +0            +0            
47            47            +0            +0            +0            +0            
48            48            +0            +0            +0            +0            
49            49            +0            +0            +0            +0            
50            50            +0            +0            +0            +0            
51            51            +0            +0            +0            +0            
52            52            +0            +0            +0            +0            
53            53            +0            +0            +0            +0            
54            54            +0            +0            +0            +0            
55            55            +0            +0            +0            +0            
56            56            +0            +0            +0            +0            
57            57            +0            +0            +0            +0            
58            58            +0            +0            +0            +0            
59            59            +0            +0            +0            +0            
60            60            +0            +0            +0            +0            
61            61            +0            +0            +0            +0            
62            62            +0            +0            +0            +0            
63            63            +0            +0            +0            +0            
64            64            +0            +0            +0            +0            
65            65            +0            +0            +0            +0            
66            66            +0            +0            +0            +0            
67            67            +0            +0            +0            +0            
68            68            +0            +0            +0            +0            
69            69            +0            +0            +0            +0            
70            70            +0            +0            +0            +0            
71            71            +0            +0            +0            +0            
72            72            +0            +0            +0            +0            
73            73            +0            +0            +0            +0            
74            74            +0            +0            +0            +0            
75            75            +0            +0            +0            +0            
76            76            +0            +0            +0            +0            
77            77            +0            +0            +0            +0            
78            78            +0            +0            +0            +0            
79            79            +0            +0            +0            +0            
80            80            +0            +0            +0            +0            
81            81            +0            +0            +0            +0            
82            82            +0            +0            +0            +0            
83            83            +0            -0            +0            +0            
84            84            +0.0058       -0            +0.0058       +0.0058       
85            85            +0            +0            +0            +0            
86            86            +0.001        -0            +0.001        +0.001        
87            87            +0            -0            +0            +0            
88            88            +0            +0            +0            +0            
89            89            +0            +0            +0            +0            
90            90            +0            +0            +0            +0            
91            91            +0            +0            +0            +0            
92            92            +0.0001       -0            +0.0001       +0.0001       
93            93            +0.0026       -0            +0.0026       +0.0026       
94            94            +0.0001       -0            +0.0001       +0.0001       
95            95            +0            -0            +0            +0            
96            96            +0.0065       -0            +0.0065       +0.0065       
97            97            +0            +0            +0            +0            
98            98            +0.005        -0            +0.005        +0.005        
99            99            +0            +0            +0            +0            
100           100           +0            -0            +0            +0            
101           101           +0.0003       -0            +0.0003       +0.0003       
102           102           +0.0011       -0            +0.0011       +0.0011       
103           103           +0.0006       -0            +0.0006       +0.0006       
104           104           +0.005        -0            +0.005        +0.005        
105           105           +0.0003       -0            +0.0003       +0.0003       
106           106           +0.0001       -0            +0.0001       +0.0001       
107           107           +0            +0            +0            +0            
108           108           +0.0032       -0            +0.0032       +0.0032       
109           109           +0.03         -0            +0.03         +0.03         
110           110           +0.0084       -0            +0.0084       +0.0084       
111           111           +0.0006       -0            +0.0006       +0.0006       
112           112           +0            +0            +0            +0            
113           113           +0            +0            +0            +0            
114           114           +0            +0            +0            +0            
115           115           +0            -0            +0            +0            
116           116           +0            +0            +0            +0            
117           117           +0.0008       -0            +0.0008       +0.0008       
118           118           +0.0102       -0            +0.0102       +0.0102       
119           119           +0.0105       -0            +0.0105       +0.0105       
120           120           +0.0111       -0            +0.0111       +0.0111       
121           121           +0.0028       -0            +0.0028       +0.0028       
122           122           +0.0232       -0.0001       +0.0231       +0.0231       
123           123           +0.0012       -0            +0.0012       +0.0012       
124           124           +0.01         -0            +0.01         +0.01         
125           125           +0.0005       -0            +0.0005       +0.0005       
126           126           +0            -0            +0            +0            
127           127           +0.0051       -0            +0.0051       +0.0051       
128           128           +0.0013       -0            +0.0013       +0.0013       
129           129           +0.0015       -0            +0.0015       +0.0015       
130           130           +0.0021       -0            +0.0021       +0.0021       
131           131           +0.0063       -0            +0.0063       +0.0063       
132           132           +0.0087       -0            +0.0087       +0.0087       
133           133           +0.0012       -0            +0.0012       +0.0012       
134           134           +0.0024       -0            +0.0024       +0.0024       
135           135           +0.0032       -0            +0.0032       +0.0032       
136           136           +0.0218       -0            +0.0218       +0.0218       
137           137           +0.0317       -0.0001       +0.0316       +0.0316       
138           138           +0            +0            +0            +0            
139           139           +0.0048       -0            +0.0048       +0.0048       
140           140           +0.0042       -0            +0.0042       +0.0042       
141           141           +0.0006       -0            +0.0006       +0.0006       
142           142           +0            +0            +0            +0            
143           143           +0            +0            +0            +0            
144           144           +0            +0            +0            +0            
145           145           +0.0013       -0            +0.0013       +0.0013       
146           146           +0.0009       -0            +0.0009       +0.0009       
147           147           +0            +0            +0            +0            
148           148           +0.0104       -0            +0.0104       +0.0104       
149           149           +0.0041       -0            +0.0041       +0.0041       
150           150           +0.004        -0            +0.004        +0.004        
151           151           +0.0007       -0            +0.0007       +0.0007       
152           152           +0            +0            +0            +0            
153           153           +0.0025       -0            +0.0025       +0.0025       
154           154           +0            +0            +0            +0            
155           155           +0.0029       -0            +0.0029       +0.0029       
156           156           +0            +0            +0            +0            
157           157           +0            +0            +0            +0            
158           158           +0            +0            +0            +0            
159           159           +0.0006       -0            +0.0006       +0.0006       
160           160           +0            +0            +0            +0            
161           161           +0            -0            +0            +0            
162           162           +0.0067       -0            +0.0067       +0.0067       
163           163           +0            -0            +0            +0            
164           164           +0            +0            +0            +0            
165           165           +0.0005       -0            +0.0005       +0.0005       
166           166           +0            +0            +0            +0            
167           167           +0            -0            +0            +0            
168           168           +0.0082       -0            +0.0082       +0.0082       
169           169           +0.0092       -0            +0.0092       +0.0092       
170           170           +0            +0            +0            +0            
171           171           +0            +0            +0            +0            
172           172           +0            +0            +0            +0            
173           173           +0.0143       -0            +0.0143       +0.0143       
174           174           +0.0006       -0            +0.0006       +0.0006       
175           175           +0.0004       -0            +0.0004       +0.0004       
176           176           +0            +0            +0            +0            
177           177           +0            -0            +0            +0            
178           178           +0            +0            +0            +0            
179           179           +0            +0            +0            +0            
180           180           +0            +0            +0            +0            
181           181           +0            +0            +0            +0            
182           182           +0            +0            +0            +0            
183           183           +0            +0            +0            +0            
184           184           +0            +0            +0            +0            
185           185           +0            +0            +0            +0            
186           186           +0            +0            +0            +0            
187           187           +0            +0            +0            +0            
188           188           +0.0085       -0            +0.0085       +0.0085       
189           189           +0.0098       -0            +0.0098       +0.0098       
190           190           +0.0013       -0            +0.0013       +0.0013       
191           191           +0.0007       -0            +0.0007       +0.0007       
192           192           +0.0154       -0.0001       +0.0153       +0.0153       
193           193           +0.0134       -0            +0.0134       +0.0134       
194           194           +0.0125       -0            +0.0125       +0.0125       
195           195           +0.0015       -0            +0.0015       +0.0015       
196           196           +0.0012       -0            +0.0012       +0.0012       
197           197           +0.0225       -0.0001       +0.0224       +0.0224       
198           198           +0.0006       -0            +0.0006       +0.0006       
199           199           +0.022        -0            +0.022        +0.022        
200           200           +0.0075       -0            +0.0075       +0.0075       
201           201           +0.0071       -0            +0.0071       +0.0071       
202           202           +0            -0            +0            +0            
203           203           +0.0086       -0            +0.0086       +0.0086       
204           204           +0.0005       -0            +0.0005       +0.0005       
205           205           +0            -0            +0            +0            
206           206           +0.0072       -0            +0.0072       +0.0072       
207           207           +0.0089       -0            +0.0089       +0.0089       
208           208           +0.0143       -0            +0.0143       +0.0143       
209           209           +0.0011       -0            +0.0011       +0.0011       
210           210           +0.001        -0            +0.001        +0.001        
211           211           +0.0111       -0            +0.0111       +0.0111       
212           212           +0.012        -0            +0.012        +0.012        
213           213           +0.0171       -0            +0.0171       +0.0171       
214           214           +0.0009       -0            +0.0009       +0.0009       
215           215           +0            -0            +0            +0            
216           216           +0.0087       -0            +0.0087       +0.0087       
217           217           +0.0049       -0            +0.0049       +0.0049       
218           218           +0.0192       -0            +0.0192       +0.0192       
219           219           +0            +0            +0            +0            
220           220           +0.0115       -0            +0.0115       +0.0115       
221           221           +0.0043       -0            +0.0043       +0.0043       
222           222           +0.0144       -0.0001       +0.0143       +0.0143       
223           223           +0            +0            +0            +0            
224           224           +0.0151       -0            +0.0151       +0.0151       
225           225           +0            +0            +0            +0            
226           226           +0.0041       -0            +0.0041       +0.0041       
227           227           +0.0053       -0            +0.0053       +0.0053       
228           228           +0.0231       -0.0001       +0.023        +0.023        
229           229           +0.0051       -0            +0.0051       +0.0051       
230           230           +0            +0            +0            +0            
231           231           +0.0199       -0            +0.0199       +0.0199       
232           232           +0.006        -0            +0.006        +0.006        
233           233           +0.0001       -0            +0.0001       +0.0001       
234           234           +0            +0            +0            +0            
235           235           +0            +0            +0            +0            
236           236           +0            +0            +0            +0            
237           237           +0            +0            +0            +0            
238           238           +0.0003       -0            +0.0003       +0.0003       
239           239           +0.0005       -0            +0.0005       +0.0005       
240           240           +0            +0            +0            +0            
241           241           +0            +0            +0            +0            
242           242           +0            +0            +0            +0            
243           243           +0.0082       -0            +0.0082       +0.0082       
244           244           +0.0023       -0            +0.0023       +0.0023       
245           245           +0.0038       -0            +0.0038       +0.0038       
246           246           +0.011        -0            +0.011        +0.011        
247           247           +0.0082       -0            +0.0082       +0.0082       
248           248           +0.0117       -0            +0.0117       +0.0117       
249           249           +0.0023       -0            +0.0023       +0.0023       
250           250           +0.0215       -0.0001       +0.0214       +0.0214       
251           251           +0            +0            +0            +0            
252           252           +0            +0            +0            +0            
253           253           +0            +0            +0            +0            
254           254           +0.0023       -0            +0.0023       +0.0023       
255           255           +0.0046       -0            +0.0046       +0.0046       
256           256           +0.0075       -0            +0.0075       +0.0075       
257           257           +0.0023       -0            +0.0023       +0.0023       
258           258           +0            +0            +0            +0            
259           259           +0            +0            +0            +0            
260           260           +0.0001       -0            +0.0001       +0.0001       
261           261           +0            +0            +0            +0            
262           262           +0.0002       -0            +0.0002       +0.0002       
263           263           +0            -0            +0            +0            
264           264           +0.0033       -0            +0.0033       +0.0033       
265           265           +0.0039       -0            +0.0039       +0.0039       
266           266           +0.0027       -0            +0.0027       +0.0027       
267           267           +0            -0            +0            +0            
268           268           +0.0003       -0            +0.0003       +0.0003       
269           269           +0.002        -0            +0.002        +0.002        
270           270           +0.0004       -0            +0.0004       +0.0004       
271           271           +0.0119       -0            +0.0119       +0.0119       
272           272           +0.0058       -0            +0.0058       +0.0058       
273           273           +0.0175       -0.0001       +0.0174       +0.0174       
274           274           +0.007        -0            +0.007        +0.007        
275           275           +0.0079       -0            +0.0079       +0.0079       
276           276           +0.0072       -0            +0.0072       +0.0072       
277           277           +0.0015       -0            +0.0015       +0.0015       
278           278           +0.0007       -0            +0.0007       +0.0007       
279           279           +0.0003       -0            +0.0003       +0.0003       
280           280           +0.0004       -0            +0.0004       +0.0004       
281           281           +0            +0            +0            +0            
282           282           +0.0096       -0            +0.0096       +0.0096       
283           283           +0            +0            +0            +0            
284           284           +0            +0            +0            +0            
285           285           +0            +0            +0            +0            
286           286           +0            +0            +0            +0            
287           287           +0.0264       -0.0001       +0.0263       +0.0263       
288           288           +0.0108       -0            +0.0108       +0.0108       
289           289           +0.0045       -0            +0.0045       +0.0045       
290           290           +0            +0            +0            +0            
291           291           +0.0039       -0            +0.0039       +0.0039       
292           292           +0.0016       -0            +0.0016       +0.0016       
293           293           +0            +0            +0            +0            
294           294           +0.0017       -0            +0.0017       +0.0017       
295           295           +0            +0            +0            +0            
296           296           +0.0014       -0            +0.0014       +0.0014       
297           297           +0            +0            +0            +0            
298           298           +0            -0            +0            +0            
299           299           +0.008        -0            +0.008        +0.008        
300           300           +0.0003       -0            +0.0003       +0.0003       
301           301           +0            +0            +0            +0            
302           302           +0.0002       -0            +0.0002       +0.0002       
303           303           +0.01         -0            +0.01         +0.01         
304           304           +0            +0            +0            +0            
305           305           +0.0004       -0            +0.0004       +0.0004       
306           306           +0            +0            +0            +0            
307           307           +0            +0            +0            +0            
308           308           +0            +0            +0            +0            
309           309           +0            +0            +0            +0            
310           310           +0.0019       -0            +0.0019       +0.0019       
311           311           +0.0002       -0            +0.0002       +0.0002       
312           312           +0            +0            +0            +0            
313           313           +0            +0            +0            +0            
314           314           +0.0005       -0            +0.0005       +0.0005       
315           315           +0            +0            +0            +0            
316           316           +0            +0            +0            +0            
317           317           +0            +0            +0            +0            
318           318           +0            +0            +0            +0            
319           319           +0.0034       -0            +0.0034       +0.0034       
320           320           +0            +0            +0            +0            
321           321           +0            +0            +0            +0            
322           322           +0            +0            +0            +0            
323           323           +0            +0            +0            +0            
324           324           +0            +0            +0            +0            
325           325           +0            +0            +0            +0            
326           326           +0            +0            +0            +0            
327           327           +0            +0            +0            +0            
328           328           +0            +0            +0            +0            
329           329           +0            +0            +0            +0            
330           330           +0            +0            +0            +0            
331           331           +0            +0            +0            +0            
332           332           +0            +0            +0            +0            
333           333           +0            +0            +0            +0            
334           334           +0            +0            +0            +0            
335           335           +0            +0            +0            +0            
336           336           +0            +0            +0            +0            
337           337           +0            +0            +0            +0            
338           338           +0            +0            +0            +0            
339           339           +0            +0            +0            +0            
