Frame         Time          Elec          VdW           Nonbond       Total         
0             0             -0.0164       -0.0011       -0.0175       -0.0175       
1             1             +0.0635       -0.0192       +0.0443       +0.0443       
2             2             +0.2155       -0.3757       -0.1602       -0.1602       
3             3             +0.2342       -0.0219       +0.2123       +0.2123       
4             4             +0.0879       -0.0046       +0.0833       +0.0833       
5             5             -0.2823       -0.0309       -0.3132       -0.3132       
6             6             +0.0442       -0.0458       -0.0016       -0.0016       
7             7             -0.2029       -0.0116       -0.2145       -0.2145       
8             8             -0.1279       -0.0003       -0.1282       -0.1282       
9             9             +0            +0            +0            +0            
10            10            -0.0134       -0.0001       -0.0135       -0.0135       
11            11            +0            +0            +0            +0            
12            12            -0.0448       -0.0043       -0.0491       -0.0491       
13            13            -0.0045       -0.0037       -0.0082       -0.0082       
14            14            -0.1544       -0.0153       -0.1697       -0.1697       
15            15            -0.1397       -0.0042       -0.1439       -0.1439       
16            16            +0.0169       -0.0004       +0.0165       +0.0165       
17            17            -0.0162       -0            -0.0162       -0.0162       
18            18            -0.1134       -0.0003       -0.1137       -0.1137       
19            19            +0.0079       -0.0008       +0.0071       +0.0071       
20            20            +0.0118       -0.0001       +0.0117       +0.0117       
21            21            +0.2162       -0.0143       +0.2019       +0.2019       
22            22            +0.0146       -0.201        -0.1864       -0.1864       
23            23            +0.2419       -0.0203       +0.2216       +0.2216       
24            24            +0.189        -0.0059       +0.1831       +0.1831       
25            25            +0.1063       -0.0002       +0.1061       +0.1061       
26            26            +0.142        -0.0606       +0.0814       +0.0814       
27            27            +0.4655       -0.5212       -0.0557       -0.0557       
28            28            +0.2808       -0.2424       +0.0384       +0.0384       
29            29            +0.2201       -0.1605       +0.0596       +0.0596       
30            30            -0.9374       -0.2637       -1.2011       -1.2011       
31            31            -0.021        -0.1589       -0.1799       -0.1799       
32            32            +0.161        -0.2378       -0.0768       -0.0768       
33            33            -0.0488       -0.1672       -0.216        -0.216        
34            34            -0.019        -0.1738       -0.1928       -0.1928       
35            35            -0.1589       -0.1016       -0.2605       -0.2605       
36            36            -0.028        -0.0632       -0.0912       -0.0912       
37            37            -0.1713       -0.0392       -0.2105       -0.2105       
38            38            +0.1019       -0.0314       +0.0705       +0.0705       
39            39            -0.0462       -0.2172       -0.2634       -0.2634       
40            40            +0.13         -0.2744       -0.1444       -0.1444       
41            41            +0.1121       -0.0773       +0.0348       +0.0348       
42            42            -0.3877       -0.1751       -0.5628       -0.5628       
43            43            -0.1493       -0.5289       -0.6782       -0.6782       
44            44            +0.0194       -0.1062       -0.0868       -0.0868       
45            45            +0.1618       -0.6095       -0.4477       -0.4477       
46            46            +0.3692       -0.4093       -0.0401       -0.0401       
47            47            -0.0301       -0.2906       -0.3207       -0.3207       
48            48            -0.1871       -0.1888       -0.3759       -0.3759       
49            49            -0.1001       -0.0438       -0.1439       -0.1439       
50            50            -0.1674       -0.0853       -0.2527       -0.2527       
51            51            +0.1298       -0.3191       -0.1893       -0.1893       
52            52            +0.3776       -0.4836       -0.106        -0.106        
53            53            -0.1491       -0.0129       -0.162        -0.162        
54            54            +0.0435       -0.0544       -0.0109       -0.0109       
55            55            +0.4455       -0.3075       +0.138        +0.138        
56            56            +0.2196       -0.0968       +0.1228       +0.1228       
57            57            +0.7734       -0.4444       +0.329        +0.329        
58            58            +0.3332       -0.3226       +0.0106       +0.0106       
59            59            -1.9179       -1.3275       -3.2454       -3.2454       
60            60            -1.1672       -1.5607       -2.7279       -2.7279       
61            61            -2.8549       -1.984        -4.8389       -4.8389       
62            62            -0.6507       -2.115        -2.7657       -2.7657       
63            63            -0.8385       -1.4553       -2.2938       -2.2938       
64            64            +0.1645       -1.5506       -1.3861       -1.3861       
65            65            -0.704        -0.5548       -1.2588       -1.2588       
66            66            -0.7132       -1.4138       -2.127        -2.127        
67            67            -0.8868       -1.5521       -2.4389       -2.4389       
68            68            -0.0086       -0.6179       -0.6265       -0.6265       
69            69            -1.1995       -2.704        -3.9035       -3.9035       
70            70            -1.2277       -3.3521       -4.5798       -4.5798       
71            71            -1.1622       -3.0675       -4.2297       -4.2297       
72            72            -1.2297       -3.5303       -4.76         -4.76         
73            73            -1.3776       -3.888        -5.2656       -5.2656       
74            74            -2.5137       -3.65         -6.1637       -6.1637       
75            75            -2.7459       -2.8748       -5.6207       -5.6207       
76            76            -5.0498       -5.508        -10.5578      -10.5578      
77            77            -1.4684       -3.4628       -4.9312       -4.9312       
78            78            -0.1749       -3.1041       -3.279        -3.279        
79            79            -6.1306       -5.084        -11.2146      -11.2146      
80            80            -3.5384       -4.4531       -7.9915       -7.9915       
81            81            -1.5452       -3.5696       -5.1148       -5.1148       
82            82            -0.0694       -3.7131       -3.7825       -3.7825       
83            83            -1.711        -4.6076       -6.3186       -6.3186       
84            84            -2.0719       -2.1353       -4.2072       -4.2072       
85            85            -0.6178       -3.3034       -3.9212       -3.9212       
86            86            -3.3548       -3.997        -7.3518       -7.3518       
87            87            -1.2276       -3.2245       -4.4521       -4.4521       
88            88            -2.5642       -3.7774       -6.3416       -6.3416       
89            89            -0.8679       -2.3112       -3.1791       -3.1791       
90            90            -0.7183       -2.6269       -3.3452       -3.3452       
91            91            -0.6961       -3.145        -3.8411       -3.8411       
92            92            -1.173        -3.9806       -5.1536       -5.1536       
93            93            -2.8022       -3.9079       -6.7101       -6.7101       
94            94            -1.2503       -3.2504       -4.5007       -4.5007       
95            95            -2.0207       -4.4796       -6.5003       -6.5003       
96            96            -1.5356       -3.4598       -4.9954       -4.9954       
97            97            -0.7818       -2.9534       -3.7352       -3.7352       
98            98            -4.4341       -4.1755       -8.6096       -8.6096       
99            99            -2.7769       -4.3338       -7.1107       -7.1107       
100           100           -1.58         -4.1808       -5.7608       -5.7608       
101           101           -1.2774       -3.6643       -4.9417       -4.9417       
102           102           -5.2954       -4.1619       -9.4573       -9.4573       
103           103           -5.2933       -4.1984       -9.4917       -9.4917       
104           104           -2.2302       -3.2255       -5.4557       -5.4557       
105           105           -4.4295       -4.2131       -8.6426       -8.6426       
106           106           -3.3479       -4.3446       -7.6925       -7.6925       
107           107           +0.1843       -2.1147       -1.9304       -1.9304       
108           108           -0.9501       -2.7585       -3.7086       -3.7086       
109           109           -2.7428       -3.9759       -6.7187       -6.7187       
110           110           -3.7997       -3.9003       -7.7          -7.7          
111           111           -4.9193       -4.2701       -9.1894       -9.1894       
112           112           -5.6747       -4.6405       -10.3152      -10.3152      
113           113           -6.4776       -4.8419       -11.3195      -11.3195      
114           114           -5.7685       -5.1844       -10.9529      -10.9529      
115           115           -4.2853       -5.5885       -9.8738       -9.8738       
116           116           -1.5925       -3.0804       -4.6729       -4.6729       
117           117           -2.8113       -5.3623       -8.1736       -8.1736       
118           118           -2.852        -6.0314       -8.8834       -8.8834       
119           119           -1.411        -2.9315       -4.3425       -4.3425       
120           120           -2.6042       -3.1041       -5.7083       -5.7083       
121           121           -2.4652       -4.0044       -6.4696       -6.4696       
122           122           -5.0772       -3.6105       -8.6877       -8.6877       
123           123           -2.5637       -3.4354       -5.9991       -5.9991       
124           124           -2.4047       -5.8254       -8.2301       -8.2301       
125           125           -1.2624       -4.1617       -5.4241       -5.4241       
126           126           -3.0816       -3.7279       -6.8095       -6.8095       
127           127           -2.7208       -3.4897       -6.2105       -6.2105       
128           128           -3.3068       -2.5807       -5.8875       -5.8875       
129           129           -1.7933       -3.3687       -5.162        -5.162        
130           130           -0.0249       -3.412        -3.4369       -3.4369       
131           131           -1.3307       -2.7759       -4.1066       -4.1066       
132           132           -3.537        -4.926        -8.463        -8.463        
133           133           -3.2815       -2.4471       -5.7286       -5.7286       
134           134           -1.035        -3.2853       -4.3203       -4.3203       
135           135           -5.4898       -3.4361       -8.9259       -8.9259       
136           136           -2.1592       -5.3746       -7.5338       -7.5338       
137           137           -0.486        -5.3843       -5.8703       -5.8703       
138           138           +0.4628       -4.5451       -4.0823       -4.0823       
139           139           -1.3549       -1.8869       -3.2418       -3.2418       
140           140           -1.022        -2.84         -3.862        -3.862        
141           141           -0.5275       -3.99         -4.5175       -4.5175       
142           142           -0.8379       -4.6758       -5.5137       -5.5137       
143           143           +0.1798       -4.005        -3.8252       -3.8252       
144           144           +0.297        -2.8111       -2.5141       -2.5141       
145           145           -1.7643       -4.631        -6.3953       -6.3953       
146           146           -0.716        -3.8886       -4.6046       -4.6046       
147           147           +2.895        -3.7025       -0.8075       -0.8075       
148           148           -3.8462       -4.1437       -7.9899       -7.9899       
149           149           -2.4502       -3.0179       -5.4681       -5.4681       
150           150           -2.1027       -5.0542       -7.1569       -7.1569       
151           151           -0.958        -4.9561       -5.9141       -5.9141       
152           152           -0.0876       -4.7036       -4.7912       -4.7912       
153           153           -2.9102       -5.2236       -8.1338       -8.1338       
154           154           -2.6861       -3.6794       -6.3655       -6.3655       
155           155           -2.6531       -2.4866       -5.1397       -5.1397       
156           156           -5.9361       -3.683        -9.6191       -9.6191       
157           157           -2.7693       -3.4482       -6.2175       -6.2175       
158           158           -3.5107       -6.4193       -9.93         -9.93         
159           159           +0.8404       -4.879        -4.0386       -4.0386       
160           160           -1.7319       -3.0621       -4.794        -4.794        
161           161           -0.7333       -5.3221       -6.0554       -6.0554       
162           162           +0.4543       -4.2514       -3.7971       -3.7971       
163           163           -2.8499       -4.4118       -7.2617       -7.2617       
164           164           -2.572        -4.5464       -7.1184       -7.1184       
165           165           -1.3505       -4.7987       -6.1492       -6.1492       
166           166           -2.4329       -3.219        -5.6519       -5.6519       
167           167           -0.9569       -2.2836       -3.2405       -3.2405       
168           168           -0.7865       -3.7887       -4.5752       -4.5752       
169           169           -2.0325       -4.8072       -6.8397       -6.8397       
170           170           -1.7442       -3.8215       -5.5657       -5.5657       
171           171           -0.5853       -3.4841       -4.0694       -4.0694       
172           172           -2.0005       -4.0649       -6.0654       -6.0654       
173           173           -2.6703       -3.2821       -5.9524       -5.9524       
174           174           -0.2405       -3.9153       -4.1558       -4.1558       
175           175           -3.2524       -3.4934       -6.7458       -6.7458       
176           176           -2.7568       -3.6808       -6.4376       -6.4376       
177           177           -0.8653       -4.1717       -5.037        -5.037        
178           178           +0.4075       -5.5429       -5.1354       -5.1354       
179           179           -1.1269       -4.1219       -5.2488       -5.2488       
180           180           -0.0469       -4.4602       -4.5071       -4.5071       
181           181           -1.87         -2.9875       -4.8575       -4.8575       
182           182           -1.8931       -4.1533       -6.0464       -6.0464       
183           183           -1.0917       -4.284        -5.3757       -5.3757       
184           184           -5.2997       -4.9983       -10.298       -10.298       
185           185           -0.3385       -4.8377       -5.1762       -5.1762       
186           186           -1.3331       -4.1777       -5.5108       -5.5108       
187           187           -2.7632       -4.1979       -6.9611       -6.9611       
188           188           -1.2035       -3.8692       -5.0727       -5.0727       
189           189           -3.7156       -4.9417       -8.6573       -8.6573       
190           190           -2.7858       -5.1957       -7.9815       -7.9815       
191           191           -5.954        -4.9722       -10.9262      -10.9262      
192           192           -4.75         -3.9178       -8.6678       -8.6678       
193           193           +0.0947       -4.5885       -4.4938       -4.4938       
194           194           -3.8402       -4.5513       -8.3915       -8.3915       
195           195           -1.221        -4.1652       -5.3862       -5.3862       
196           196           -5.1072       -3.4323       -8.5395       -8.5395       
197           197           -5.9194       -5.2573       -11.1767      -11.1767      
198           198           -0.2204       -2.5469       -2.7673       -2.7673       
199           199           -5.0977       -4.0186       -9.1163       -9.1163       
200           200           -4.9636       -4.1492       -9.1128       -9.1128       
201           201           -5.4558       -4.1278       -9.5836       -9.5836       
202           202           -0.2178       -3.9138       -4.1316       -4.1316       
203           203           -2.6771       -2.433        -5.1101       -5.1101       
204           204           -5.7749       -4.8768       -10.6517      -10.6517      
205           205           -0.9924       -4.0603       -5.0527       -5.0527       
206           206           -4.0856       -3.5868       -7.6724       -7.6724       
207           207           -2.2178       -4.1527       -6.3705       -6.3705       
208           208           -4.9914       -2.9016       -7.893        -7.893        
209           209           -5.8058       -3.8863       -9.6921       -9.6921       
210           210           -1.18         -4.6897       -5.8697       -5.8697       
211           211           -5.7019       -3.868        -9.5699       -9.5699       
212           212           -3.9276       -4.7364       -8.664        -8.664        
213           213           -2.291        -4.7108       -7.0018       -7.0018       
214           214           -3.4223       -5.2397       -8.662        -8.662        
215           215           -1.6012       -1.3206       -2.9218       -2.9218       
216           216           -1.6591       -2.3392       -3.9983       -3.9983       
217           217           -5.2888       -4.2127       -9.5015       -9.5015       
218           218           -1.06         -4.5481       -5.6081       -5.6081       
219           219           -1.0998       -3.2354       -4.3352       -4.3352       
220           220           -1.6223       -5.2376       -6.8599       -6.8599       
221           221           -1.7955       -4.5979       -6.3934       -6.3934       
222           222           -3.0293       -5.3414       -8.3707       -8.3707       
223           223           -2.8547       -4.2578       -7.1125       -7.1125       
224           224           -1.9444       -4.6243       -6.5687       -6.5687       
225           225           -2.2464       -4.1076       -6.354        -6.354        
226           226           -4.2737       -3.8518       -8.1255       -8.1255       
227           227           -4.471        -4.3069       -8.7779       -8.7779       
228           228           -4.955        -4.5026       -9.4576       -9.4576       
229           229           -1.755        -4.7798       -6.5348       -6.5348       
230           230           -4.3619       -4.6888       -9.0507       -9.0507       
231           231           -3.4255       -3.4594       -6.8849       -6.8849       
232           232           -5.7952       -3.7836       -9.5788       -9.5788       
233           233           -3.4564       -4.356        -7.8124       -7.8124       
234           234           -5.2612       -4.7262       -9.9874       -9.9874       
235           235           -2.0006       -3.8688       -5.8694       -5.8694       
236           236           -0.843        -4.1147       -4.9577       -4.9577       
237           237           -0.3309       -5.0629       -5.3938       -5.3938       
238           238           -1.4871       -3.6005       -5.0876       -5.0876       
239           239           -5.354        -4.5333       -9.8873       -9.8873       
240           240           -2.4023       -3.4441       -5.8464       -5.8464       
241           241           -2.0316       -2.7312       -4.7628       -4.7628       
242           242           -4.9407       -3.2559       -8.1966       -8.1966       
243           243           -3.7765       -2.5112       -6.2877       -6.2877       
244           244           -2.3549       -3.7237       -6.0786       -6.0786       
245           245           -2.5676       -4.4606       -7.0282       -7.0282       
246           246           -2.8704       -4.8401       -7.7105       -7.7105       
247           247           -3.5924       -4.6812       -8.2736       -8.2736       
248           248           -1.4296       -4.4395       -5.8691       -5.8691       
249           249           -4.3762       -4.1923       -8.5685       -8.5685       
250           250           -5.1067       -4.1357       -9.2424       -9.2424       
251           251           -5.3432       -5.6204       -10.9636      -10.9636      
252           252           -4.3991       -4.1003       -8.4994       -8.4994       
253           253           -4.3584       -3.9714       -8.3298       -8.3298       
254           254           -4.2947       -3.0804       -7.3751       -7.3751       
255           255           -5.3537       -4.3101       -9.6638       -9.6638       
256           256           -3.7076       -4.2467       -7.9543       -7.9543       
257           257           -4.4318       -5.2386       -9.6704       -9.6704       
258           258           -1.7165       -4.8565       -6.573        -6.573        
259           259           -4.5468       -4.2441       -8.7909       -8.7909       
260           260           -3.0578       -4.6906       -7.7484       -7.7484       
261           261           -0.0372       -3.5474       -3.5846       -3.5846       
262           262           -3.6331       -3.9584       -7.5915       -7.5915       
263           263           -1.8393       -2.9956       -4.8349       -4.8349       
264           264           -6.6097       -3.8945       -10.5042      -10.5042      
265           265           -4.1161       -3.233        -7.3491       -7.3491       
266           266           -0.8743       -3.2932       -4.1675       -4.1675       
267           267           -2.7744       -3.2682       -6.0426       -6.0426       
268           268           -4.1027       -4.054        -8.1567       -8.1567       
269           269           +0.336        -4.7279       -4.3919       -4.3919       
270           270           -3.3289       -4.9945       -8.3234       -8.3234       
271           271           -1.8079       -4.3244       -6.1323       -6.1323       
272           272           -0.5071       -3.0062       -3.5133       -3.5133       
273           273           -2.4231       -3.8304       -6.2535       -6.2535       
274           274           -1.396        -3.2963       -4.6923       -4.6923       
275           275           -3.0964       -3.2554       -6.3518       -6.3518       
276           276           -1.6371       -3.5681       -5.2052       -5.2052       
277           277           -4.3269       -4.5003       -8.8272       -8.8272       
278           278           -3.1383       -5.0168       -8.1551       -8.1551       
279           279           -2.2179       -3.4294       -5.6473       -5.6473       
280           280           -2.5457       -5.0661       -7.6118       -7.6118       
281           281           -1.0692       -3.575        -4.6442       -4.6442       
282           282           -0.6618       -3.0071       -3.6689       -3.6689       
283           283           -1.7942       -4.0267       -5.8209       -5.8209       
284           284           -2.6125       -3.3102       -5.9227       -5.9227       
285           285           -3.6431       -4.534        -8.1771       -8.1771       
286           286           -3.1106       -5.0191       -8.1297       -8.1297       
287           287           -2.1412       -4.0016       -6.1428       -6.1428       
288           288           -4.5423       -4.0784       -8.6207       -8.6207       
289           289           -3.7141       -3.0629       -6.777        -6.777        
290           290           -0.8067       -3.9955       -4.8022       -4.8022       
291           291           -3.7214       -4.923        -8.6444       -8.6444       
292           292           -3.745        -4.3092       -8.0542       -8.0542       
293           293           -4.3318       -3.4346       -7.7664       -7.7664       
294           294           -1.5603       -2.6603       -4.2206       -4.2206       
295           295           -3.393        -3.3959       -6.7889       -6.7889       
296           296           -2.107        -3.4982       -5.6052       -5.6052       
297           297           -3.0587       -4.3995       -7.4582       -7.4582       
298           298           -6.3117       -2.6662       -8.9779       -8.9779       
299           299           -2.7614       -4.8188       -7.5802       -7.5802       
300           300           +0.8924       -4.3872       -3.4948       -3.4948       
301           301           -2.7039       -4.4343       -7.1382       -7.1382       
302           302           -5.0206       -3.3586       -8.3792       -8.3792       
303           303           -1.8792       -2.9009       -4.7801       -4.7801       
304           304           -3.3173       -3.9099       -7.2272       -7.2272       
305           305           -3.8834       -5.128        -9.0114       -9.0114       
306           306           -2.5864       -3.8875       -6.4739       -6.4739       
307           307           -5.2658       -4.1556       -9.4214       -9.4214       
308           308           +2.1572       -3.6528       -1.4956       -1.4956       
309           309           -5.628        -3.7748       -9.4028       -9.4028       
310           310           -2.928        -3.8328       -6.7608       -6.7608       
311           311           -2.0355       -2.9788       -5.0143       -5.0143       
312           312           -5.7555       -4.8248       -10.5803      -10.5803      
313           313           -5.5447       -4.9341       -10.4788      -10.4788      
314           314           -3.21         -3.7247       -6.9347       -6.9347       
315           315           -4.3849       -4.3204       -8.7053       -8.7053       
316           316           -2.2002       -1.5102       -3.7104       -3.7104       
317           317           -0.6615       -3.5672       -4.2287       -4.2287       
318           318           -3.131        -2.668        -5.799        -5.799        
319           319           -1.8046       -3.0843       -4.8889       -4.8889       
320           320           -2.2565       -3.5741       -5.8306       -5.8306       
321           321           -3.0102       -3.2531       -6.2633       -6.2633       
322           322           -4.4198       -5.7808       -10.2006      -10.2006      
323           323           -2.1202       -1.6455       -3.7657       -3.7657       
324           324           -2.4893       -3.1183       -5.6076       -5.6076       
325           325           -3.3943       -3.5408       -6.9351       -6.9351       
326           326           -3.6641       -3.6859       -7.35         -7.35         
327           327           -1.8681       -1.7359       -3.604        -3.604        
328           328           -1.6654       -3.0302       -4.6956       -4.6956       
329           329           -1.3329       -2.858        -4.1909       -4.1909       
330           330           -2.6228       -3.3065       -5.9293       -5.9293       
331           331           -2.6115       -1.7097       -4.3212       -4.3212       
332           332           -4.339        -5.2642       -9.6032       -9.6032       
333           333           -4.4763       -5.1007       -9.577        -9.577        
334           334           -2.983        -4.9216       -7.9046       -7.9046       
335           335           -2.8796       -6.6012       -9.4808       -9.4808       
336           336           -5.5405       -5.1124       -10.6529      -10.6529      
337           337           -0.7205       -1.1301       -1.8506       -1.8506       
338           338           -2.1055       -3.388        -5.4935       -5.4935       
339           339           -6.1243       -3.4959       -9.6202       -9.6202       
