Frame         Time          Elec          VdW           Nonbond       Total         
0             0             +0.0217       -0.0061       +0.0156       +0.0156       
1             1             -0.1924       -0.0241       -0.2165       -0.2165       
2             2             -2.3789       -0.5291       -2.908        -2.908        
3             3             +3.1955       -0.3099       +2.8856       +2.8856       
4             4             +4.7981       -0.2095       +4.5886       +4.5886       
5             5             +1.2817       -0.0614       +1.2203       +1.2203       
6             6             -0.2067       -0.0685       -0.2752       -0.2752       
7             7             +0.3223       -0.0516       +0.2707       +0.2707       
8             8             +1.1715       -0.0374       +1.1341       +1.1341       
9             9             +0.3099       -0.0019       +0.308        +0.308        
10            10            +1.8137       -0.0229       +1.7908       +1.7908       
11            11            +0.5571       -0.0067       +0.5504       +0.5504       
12            12            -0.547        -0.0093       -0.5563       -0.5563       
13            13            +0.0808       -0.019        +0.0618       +0.0618       
14            14            -0.0278       -0.0202       -0.048        -0.048        
15            15            -0.0841       -0.0047       -0.0888       -0.0888       
16            16            +0.434        -0.0014       +0.4326       +0.4326       
17            17            +0.1677       -0.0001       +0.1676       +0.1676       
18            18            +0.1519       -0.0011       +0.1508       +0.1508       
19            19            -0.0171       -0.001        -0.0181       -0.0181       
20            20            +0.1214       -0.0012       +0.1202       +0.1202       
21            21            +0.2366       -0.0143       +0.2223       +0.2223       
22            22            +0.1263       -0.2011       -0.0748       -0.0748       
23            23            +0.1175       -0.0205       +0.097        +0.097        
24            24            -0.2526       -0.0086       -0.2612       -0.2612       
25            25            -0.1979       -0.002        -0.1999       -0.1999       
26            26            +0.2822       -0.0619       +0.2203       +0.2203       
27            27            +0.6909       -0.5278       +0.1631       +0.1631       
28            28            +0.3423       -0.2424       +0.0999       +0.0999       
29            29            +0.5829       -0.1638       +0.4191       +0.4191       
30            30            -0.3788       -0.2796       -0.6584       -0.6584       
31            31            +0.5061       -0.1692       +0.3369       +0.3369       
32            32            +0.9565       -0.2817       +0.6748       +0.6748       
33            33            +0.4316       -0.1864       +0.2452       +0.2452       
34            34            +0.3614       -0.1802       +0.1812       +0.1812       
35            35            +1.1184       -0.1096       +1.0088       +1.0088       
36            36            +0.4531       -0.0697       +0.3834       +0.3834       
37            37            +0.6787       -0.0475       +0.6312       +0.6312       
38            38            +0.4437       -0.034        +0.4097       +0.4097       
39            39            +0.7417       -0.2249       +0.5168       +0.5168       
40            40            +0.9568       -0.2898       +0.667        +0.667        
41            41            -0.3969       -0.081        -0.4779       -0.4779       
42            42            +0.9493       -0.1891       +0.7602       +0.7602       
43            43            -0.0942       -0.5496       -0.6438       -0.6438       
44            44            +0.384        -0.1173       +0.2667       +0.2667       
45            45            +1.2735       -0.6342       +0.6393       +0.6393       
46            46            +1.1586       -0.4239       +0.7347       +0.7347       
47            47            +0.3465       -0.2962       +0.0503       +0.0503       
48            48            +0.3797       -0.1969       +0.1828       +0.1828       
49            49            -0.0226       -0.0451       -0.0677       -0.0677       
50            50            +0.2648       -0.0908       +0.174        +0.174        
51            51            +0.7557       -0.3404       +0.4153       +0.4153       
52            52            +1.1988       -0.5007       +0.6981       +0.6981       
53            53            -2.6342       -0.1016       -2.7358       -2.7358       
54            54            +0.2066       -0.0625       +0.1441       +0.1441       
55            55            +0.8707       -0.3169       +0.5538       +0.5538       
56            56            +0.6391       -0.0992       +0.5399       +0.5399       
57            57            +0.9135       -0.4532       +0.4603       +0.4603       
58            58            +1.6764       -0.3722       +1.3042       +1.3042       
59            59            -2.0658       -1.3524       -3.4182       -3.4182       
60            60            -1.276        -1.5919       -2.8679       -2.8679       
61            61            -2.7762       -2.0246       -4.8008       -4.8008       
62            62            -0.947        -2.1425       -3.0895       -3.0895       
63            63            -0.1356       -1.4864       -1.622        -1.622        
64            64            +1.1954       -1.598        -0.4026       -0.4026       
65            65            -0.2009       -0.606        -0.8069       -0.8069       
66            66            +0.0464       -1.512        -1.4656       -1.4656       
67            67            +0.343        -1.5624       -1.2194       -1.2194       
68            68            +0.7933       -0.6236       +0.1697       +0.1697       
69            69            -0.8764       -2.7599       -3.6363       -3.6363       
70            70            -0.572        -3.3946       -3.9666       -3.9666       
71            71            -1.0386       -3.0891       -4.1277       -4.1277       
72            72            -0.2923       -3.5674       -3.8597       -3.8597       
73            73            -0.2553       -3.9353       -4.1906       -4.1906       
74            74            -2.7005       -3.7469       -6.4474       -6.4474       
75            75            -2.131        -2.9623       -5.0933       -5.0933       
76            76            -5.8726       -5.6807       -11.5533      -11.5533      
77            77            -1.8824       -3.527        -5.4094       -5.4094       
78            78            -0.4692       -3.16         -3.6292       -3.6292       
79            79            -7.2558       -5.2647       -12.5205      -12.5205      
80            80            -3.9871       -4.5494       -8.5365       -8.5365       
81            81            -2.2909       -3.6321       -5.923        -5.923        
82            82            +0.1076       -3.7849       -3.6773       -3.6773       
83            83            -1.5727       -4.7307       -6.3034       -6.3034       
84            84            -1.7988       -2.2148       -4.0136       -4.0136       
85            85            -0.2588       -3.3597       -3.6185       -3.6185       
86            86            -3.5524       -4.0749       -7.6273       -7.6273       
87            87            -1.4472       -3.3269       -4.7741       -4.7741       
88            88            -3.1623       -3.8801       -7.0424       -7.0424       
89            89            -0.7384       -2.4013       -3.1397       -3.1397       
90            90            -0.9011       -2.7226       -3.6237       -3.6237       
91            91            -1.224        -3.2402       -4.4642       -4.4642       
92            92            -2.0641       -4.0774       -6.1415       -6.1415       
93            93            -3.4642       -4.0051       -7.4693       -7.4693       
94            94            -1.3656       -3.3371       -4.7027       -4.7027       
95            95            -2.7958       -4.5911       -7.3869       -7.3869       
96            96            -1.4706       -3.5401       -5.0107       -5.0107       
97            97            -1.3715       -3.0264       -4.3979       -4.3979       
98            98            -4.8192       -4.2624       -9.0816       -9.0816       
99            99            -3.3571       -4.438        -7.7951       -7.7951       
100           100           -1.8314       -4.305        -6.1364       -6.1364       
101           101           -1.4618       -3.7988       -5.2606       -5.2606       
102           102           -5.7883       -4.2645       -10.0528      -10.0528      
103           103           -6.233        -4.3435       -10.5765      -10.5765      
104           104           -1.93         -3.3261       -5.2561       -5.2561       
105           105           -4.5246       -4.3402       -8.8648       -8.8648       
106           106           -3.6689       -4.4942       -8.1631       -8.1631       
107           107           +0.4355       -2.1613       -1.7258       -1.7258       
108           108           -1.1405       -2.8369       -3.9774       -3.9774       
109           109           -2.9629       -4.0928       -7.0557       -7.0557       
110           110           -3.4803       -4.0177       -7.498        -7.498        
111           111           -5.6368       -4.393        -10.0298      -10.0298      
112           112           -6.893        -4.7961       -11.6891      -11.6891      
113           113           -7.1805       -4.9486       -12.1291      -12.1291      
114           114           -7.107        -5.3198       -12.4268      -12.4268      
115           115           -5.2474       -5.7204       -10.9678      -10.9678      
116           116           -1.9841       -3.2155       -5.1996       -5.1996       
117           117           -3.4029       -5.5136       -8.9165       -8.9165       
118           118           -4.5323       -6.2352       -10.7675      -10.7675      
119           119           -0.7875       -3.0551       -3.8426       -3.8426       
120           120           -3.7968       -3.2345       -7.0313       -7.0313       
121           121           -4.1074       -4.1221       -8.2295       -8.2295       
122           122           -5.6968       -3.7135       -9.4103       -9.4103       
123           123           -3.0233       -3.5531       -6.5764       -6.5764       
124           124           -3.2402       -5.9618       -9.202        -9.202        
125           125           -2.2525       -4.2549       -6.5074       -6.5074       
126           126           -3.1439       -3.8331       -6.977        -6.977        
127           127           -3.286        -3.5797       -6.8657       -6.8657       
128           128           -3.6752       -2.656        -6.3312       -6.3312       
129           129           -2.2239       -3.4909       -5.7148       -5.7148       
130           130           +0.113        -3.48         -3.367        -3.367        
131           131           -1.4459       -2.8488       -4.2947       -4.2947       
132           132           -4.1509       -5.0252       -9.1761       -9.1761       
133           133           -2.8219       -2.5187       -5.3406       -5.3406       
134           134           -2.1456       -3.3785       -5.5241       -5.5241       
135           135           -4.5401       -3.4937       -8.0338       -8.0338       
136           136           -1.8541       -5.4707       -7.3248       -7.3248       
137           137           -1.1497       -5.5371       -6.6868       -6.6868       
138           138           +0.4876       -4.5939       -4.1063       -4.1063       
139           139           -1.34         -1.928        -3.268        -3.268        
140           140           -1.4027       -2.8948       -4.2975       -4.2975       
141           141           -0.6123       -4.048        -4.6603       -4.6603       
142           142           -1.3754       -4.7948       -6.1702       -6.1702       
143           143           +0.0283       -4.0853       -4.057        -4.057        
144           144           -0.1415       -2.8836       -3.0251       -3.0251       
145           145           -1.9516       -4.6784       -6.63         -6.63         
146           146           -0.2947       -3.9391       -4.2338       -4.2338       
147           147           +3.7144       -3.7858       -0.0714       -0.0714       
148           148           -3.1998       -4.1993       -7.3991       -7.3991       
149           149           -2.8946       -3.0999       -5.9945       -5.9945       
150           150           -2.7497       -5.1645       -7.9142       -7.9142       
151           151           -1.5808       -5.0351       -6.6159       -6.6159       
152           152           -0.539        -4.7782       -5.3172       -5.3172       
153           153           -3.2762       -5.2996       -8.5758       -8.5758       
154           154           -2.6323       -3.7229       -6.3552       -6.3552       
155           155           -3.0139       -2.5389       -5.5528       -5.5528       
156           156           -6.011        -3.7607       -9.7717       -9.7717       
157           157           -2.3791       -3.4882       -5.8673       -5.8673       
158           158           -3.4661       -6.4768       -9.9429       -9.9429       
159           159           +0.2718       -4.9304       -4.6586       -4.6586       
160           160           -1.7053       -3.1034       -4.8087       -4.8087       
161           161           -0.8125       -5.4172       -6.2297       -6.2297       
162           162           +0.5053       -4.3155       -3.8102       -3.8102       
163           163           -2.1552       -4.4646       -6.6198       -6.6198       
164           164           -2.3404       -4.58         -6.9204       -6.9204       
165           165           -1.857        -4.8576       -6.7146       -6.7146       
166           166           -2.4104       -3.2408       -5.6512       -5.6512       
167           167           -1.3666       -2.3101       -3.6767       -3.6767       
168           168           -1.0931       -3.8272       -4.9203       -4.9203       
169           169           -2.6123       -4.8467       -7.459        -7.459        
170           170           -1.9778       -3.869        -5.8468       -5.8468       
171           171           -1.1748       -3.524        -4.6988       -4.6988       
172           172           -2.2696       -4.0957       -6.3653       -6.3653       
173           173           -3.8686       -3.3472       -7.2158       -7.2158       
174           174           -0.5293       -3.943        -4.4723       -4.4723       
175           175           -3.7192       -3.5223       -7.2415       -7.2415       
176           176           -2.7082       -3.7062       -6.4144       -6.4144       
177           177           -1.6135       -4.2134       -5.8269       -5.8269       
178           178           -0.1286       -5.5976       -5.7262       -5.7262       
179           179           -1.8278       -4.1871       -6.0149       -6.0149       
180           180           -0.7543       -4.5517       -5.306        -5.306        
181           181           -2.2388       -3.0262       -5.265        -5.265        
182           182           -2.2054       -4.1905       -6.3959       -6.3959       
183           183           -1.1937       -4.333        -5.5267       -5.5267       
184           184           -5.7384       -5.0649       -10.8033      -10.8033      
185           185           -0.8548       -4.8807       -5.7355       -5.7355       
186           186           -1.5277       -4.2116       -5.7393       -5.7393       
187           187           -3.1977       -4.2219       -7.4196       -7.4196       
188           188           -1.5143       -3.897        -5.4113       -5.4113       
189           189           -3.6143       -4.973        -8.5873       -8.5873       
190           190           -3.4792       -5.2309       -8.7101       -8.7101       
191           191           -6.7611       -5.0068       -11.7679      -11.7679      
192           192           -4.6029       -3.9462       -8.5491       -8.5491       
193           193           -0.2596       -4.6503       -4.9099       -4.9099       
194           194           -3.4738       -4.5707       -8.0445       -8.0445       
195           195           -1.9417       -4.2078       -6.1495       -6.1495       
196           196           -5.2197       -3.4477       -8.6674       -8.6674       
197           197           -6.0803       -5.2908       -11.3711      -11.3711      
198           198           +0.088        -2.5529       -2.4649       -2.4649       
199           199           -4.9031       -4.0475       -8.9506       -8.9506       
200           200           -5.4208       -4.1756       -9.5964       -9.5964       
201           201           -5.0353       -4.1694       -9.2047       -9.2047       
202           202           -0.4379       -3.9393       -4.3772       -4.3772       
203           203           -3.0991       -2.4591       -5.5582       -5.5582       
204           204           -6.3236       -4.897        -11.2206      -11.2206      
205           205           -1.8477       -4.1007       -5.9484       -5.9484       
206           206           -4.4702       -3.6114       -8.0816       -8.0816       
207           207           -2.8807       -4.1987       -7.0794       -7.0794       
208           208           -5.6869       -2.9332       -8.6201       -8.6201       
209           209           -6.2593       -3.919        -10.1783      -10.1783      
210           210           -1.3019       -4.7405       -6.0424       -6.0424       
211           211           -5.3688       -3.8991       -9.2679       -9.2679       
212           212           -4.014        -4.767        -8.781        -8.781        
213           213           -3.0609       -4.7529       -7.8138       -7.8138       
214           214           -3.6351       -5.318        -8.9531       -8.9531       
215           215           -1.9584       -1.3378       -3.2962       -3.2962       
216           216           -2.03         -2.3591       -4.3891       -4.3891       
217           217           -5.757        -4.243        -10           -10           
218           218           -1.3618       -4.5845       -5.9463       -5.9463       
219           219           -1.4798       -3.2634       -4.7432       -4.7432       
220           220           -2.4557       -5.2916       -7.7473       -7.7473       
221           221           -2.2929       -4.6375       -6.9304       -6.9304       
222           222           -2.8964       -5.3939       -8.2903       -8.2903       
223           223           -3.2517       -4.2839       -7.5356       -7.5356       
224           224           -2.2568       -4.6525       -6.9093       -6.9093       
225           225           -2.3117       -4.1291       -6.4408       -6.4408       
226           226           -4.4143       -3.8721       -8.2864       -8.2864       
227           227           -3.9949       -4.337        -8.3319       -8.3319       
228           228           -4.7277       -4.5233       -9.251        -9.251        
229           229           -2.6343       -4.8277       -7.462        -7.462        
230           230           -5.1031       -4.7184       -9.8215       -9.8215       
231           231           -3.7456       -3.49         -7.2356       -7.2356       
232           232           -5.9739       -3.8231       -9.797        -9.797        
233           233           -4.0365       -4.402        -8.4385       -8.4385       
234           234           -6.0621       -4.7626       -10.8247      -10.8247      
235           235           -2.8421       -3.893        -6.7351       -6.7351       
236           236           -1.6041       -4.1598       -5.7639       -5.7639       
237           237           -0.9755       -5.1332       -6.1087       -6.1087       
238           238           -2.011        -3.6369       -5.6479       -5.6479       
239           239           -5.2828       -4.5617       -9.8445       -9.8445       
240           240           -2.6965       -3.462        -6.1585       -6.1585       
241           241           -2.3632       -2.7492       -5.1124       -5.1124       
242           242           -4.4835       -3.2812       -7.7647       -7.7647       
243           243           -3.9833       -2.5291       -6.5124       -6.5124       
244           244           -2.5623       -3.7523       -6.3146       -6.3146       
245           245           -2.6714       -4.4819       -7.1533       -7.1533       
246           246           -3.2918       -4.8743       -8.1661       -8.1661       
247           247           -4.2828       -4.7318       -9.0146       -9.0146       
248           248           -2.3351       -4.4687       -6.8038       -6.8038       
249           249           -4.439        -4.2266       -8.6656       -8.6656       
250           250           -5.5022       -4.1685       -9.6707       -9.6707       
251           251           -5.9452       -5.6617       -11.6069      -11.6069      
252           252           -4.5938       -4.1251       -8.7189       -8.7189       
253           253           -5.2175       -4.0016       -9.2191       -9.2191       
254           254           -4.6078       -3.0999       -7.7077       -7.7077       
255           255           -5.6593       -4.3468       -10.0061      -10.0061      
256           256           -3.6816       -4.2761       -7.9577       -7.9577       
257           257           -4.3808       -5.2863       -9.6671       -9.6671       
258           258           -2.0645       -4.8936       -6.9581       -6.9581       
259           259           -4.9325       -4.276        -9.2085       -9.2085       
260           260           -3.1955       -4.7139       -7.9094       -7.9094       
261           261           -0.0444       -3.5631       -3.6075       -3.6075       
262           262           -3.3115       -3.9965       -7.308        -7.308        
263           263           -1.9696       -3.0145       -4.9841       -4.9841       
264           264           -7.0375       -3.9271       -10.9646      -10.9646      
265           265           -3.663        -3.2536       -6.9166       -6.9166       
266           266           -1.2632       -3.3215       -4.5847       -4.5847       
267           267           -2.9231       -3.282        -6.2051       -6.2051       
268           268           -4.24         -4.0694       -8.3094       -8.3094       
269           269           +0.1206       -4.7664       -4.6458       -4.6458       
270           270           -3.6593       -5.0248       -8.6841       -8.6841       
271           271           -2.404        -4.3438       -6.7478       -6.7478       
272           272           -0.7583       -3.0288       -3.7871       -3.7871       
273           273           -2.4777       -3.856        -6.3337       -6.3337       
274           274           -1.6462       -3.3154       -4.9616       -4.9616       
275           275           -3.716        -3.2735       -6.9895       -6.9895       
276           276           -2.1928       -3.5974       -5.7902       -5.7902       
277           277           -5.0731       -4.5486       -9.6217       -9.6217       
278           278           -5.011        -5.0534       -10.0644      -10.0644      
279           279           -2.3061       -3.4497       -5.7558       -5.7558       
280           280           -2.3988       -5.0982       -7.497        -7.497        
281           281           -1.2256       -3.5983       -4.8239       -4.8239       
282           282           -0.8688       -3.0329       -3.9017       -3.9017       
283           283           -2.9956       -4.0583       -7.0539       -7.0539       
284           284           -3.1859       -3.3329       -6.5188       -6.5188       
285           285           -3.1339       -4.5621       -7.696        -7.696        
286           286           -3.4784       -5.0513       -8.5297       -8.5297       
287           287           -1.3604       -4.0302       -5.3906       -5.3906       
288           288           -3.9923       -4.1056       -8.0979       -8.0979       
289           289           -4.0164       -3.0819       -7.0983       -7.0983       
290           290           -1.3265       -4.0313       -5.3578       -5.3578       
291           291           -4.9712       -4.9766       -9.9478       -9.9478       
292           292           -3.4033       -4.3415       -7.7448       -7.7448       
293           293           -5.0091       -3.45         -8.4591       -8.4591       
294           294           -1.219        -2.682        -3.901        -3.901        
295           295           -2.491        -3.4184       -5.9094       -5.9094       
296           296           -1.8784       -3.5123       -5.3907       -5.3907       
297           297           -2.7487       -4.4098       -7.1585       -7.1585       
298           298           -6.2926       -2.6858       -8.9784       -8.9784       
299           299           -2.0239       -4.8544       -6.8783       -6.8783       
300           300           +1.1905       -4.4034       -3.2129       -3.2129       
301           301           -3.0712       -4.4482       -7.5194       -7.5194       
302           302           -3.7246       -3.3913       -7.1159       -7.1159       
303           303           -0.5172       -2.9176       -3.4348       -3.4348       
304           304           -2.8288       -3.9203       -6.7491       -6.7491       
305           305           -2.8807       -5.1521       -8.0328       -8.0328       
306           306           -2.1895       -3.8941       -6.0836       -6.0836       
307           307           -4.5716       -4.1772       -8.7488       -8.7488       
308           308           +2.7606       -3.6667       -0.9061       -0.9061       
309           309           -4.5938       -3.798        -8.3918       -8.3918       
310           310           -2.2986       -3.8428       -6.1414       -6.1414       
311           311           -2.2851       -2.9906       -5.2757       -5.2757       
312           312           -6.2392       -4.8462       -11.0854      -11.0854      
313           313           -6.2379       -4.9644       -11.2023      -11.2023      
314           314           -2.4506       -3.7314       -6.182        -6.182        
315           315           -3.9691       -4.3337       -8.3028       -8.3028       
316           316           -1.8099       -1.5145       -3.3244       -3.3244       
317           317           -0.4872       -3.5767       -4.0639       -4.0639       
318           318           -2.7672       -2.6703       -5.4375       -5.4375       
319           319           -1.442        -3.0933       -4.5353       -4.5353       
320           320           -3.62         -3.5909       -7.2109       -7.2109       
321           321           -2.6584       -3.2567       -5.9151       -5.9151       
322           322           -4.5902       -5.7951       -10.3853      -10.3853      
323           323           -2.1691       -1.6513       -3.8204       -3.8204       
324           324           -2.3177       -3.1202       -5.4379       -5.4379       
325           325           -2.9981       -3.5459       -6.544        -6.544        
326           326           -3.4743       -3.6879       -7.1622       -7.1622       
327           327           -1.8022       -1.7397       -3.5419       -3.5419       
328           328           -1.5774       -3.0307       -4.6081       -4.6081       
329           329           -1.1989       -2.8593       -4.0582       -4.0582       
330           330           -2.5766       -3.3067       -5.8833       -5.8833       
331           331           -2.572        -1.7103       -4.2823       -4.2823       
332           332           -4.3349       -5.2799       -9.6148       -9.6148       
333           333           -4.4003       -5.1126       -9.5129       -9.5129       
334           334           -2.5626       -4.9779       -7.5405       -7.5405       
335           335           -4.7603       -6.7052       -11.4655      -11.4655      
336           336           -5.2064       -5.1337       -10.3401      -10.3401      
337           337           -0.5157       -1.1318       -1.6475       -1.6475       
338           338           -1.9055       -3.3897       -5.2952       -5.2952       
339           339           -5.8882       -3.4964       -9.3846       -9.3846       
