Frame         Time          Elec          VdW           Nonbond       Total         
0             0             +0            +0            +0            +0            
1             1             +0            +0            +0            +0            
2             2             +0            +0            +0            +0            
3             3             -0.1145       -0.0008       -0.1153       -0.1153       
4             4             +0.1014       -0.0004       +0.101        +0.101        
5             5             +0.1259       -0.0001       +0.1258       +0.1258       
6             6             +0.034        -0            +0.034        +0.034        
7             7             +0.3189       -0.0006       +0.3183       +0.3183       
8             8             +0.2936       -0.0009       +0.2927       +0.2927       
9             9             +0            +0            +0            +0            
10            10            +0.4635       -0.0024       +0.4611       +0.4611       
11            11            +0.0459       -0.0001       +0.0458       +0.0458       
12            12            +0            +0            +0            +0            
13            13            +0.0111       -0            +0.0111       +0.0111       
14            14            +0.0687       -0            +0.0687       +0.0687       
15            15            +0            +0            +0            +0            
16            16            +0            +0            +0            +0            
17            17            +0            +0            +0            +0            
18            18            +0            +0            +0            +0            
19            19            +0            +0            +0            +0            
20            20            +0            +0            +0            +0            
21            21            +0            +0            +0            +0            
22            22            +0            +0            +0            +0            
23            23            +0            +0            +0            +0            
24            24            +0            +0            +0            +0            
25            25            +0            +0            +0            +0            
26            26            +0            +0            +0            +0            
27            27            +0            +0            +0            +0            
28            28            +0            +0            +0            +0            
29            29            +0            +0            +0            +0            
30            30            +0            +0            +0            +0            
31            31            +0            +0            +0            +0            
32            32            +0            +0            +0            +0            
33            33            +0            +0            +0            +0            
34            34            +0            +0            +0            +0            
35            35            +0            +0            +0            +0            
36            36            +0            +0            +0            +0            
37            37            +0            +0            +0            +0            
38            38            +0            +0            +0            +0            
39            39            +0            +0            +0            +0            
40            40            +0            +0            +0            +0            
41            41            +0            +0            +0            +0            
42            42            +0            +0            +0            +0            
43            43            +0            +0            +0            +0            
44            44            +0            +0            +0            +0            
45            45            +0            +0            +0            +0            
46            46            +0            +0            +0            +0            
47            47            +0            +0            +0            +0            
48            48            +0            +0            +0            +0            
49            49            +0            +0            +0            +0            
50            50            +0            +0            +0            +0            
51            51            +0            +0            +0            +0            
52            52            +0            +0            +0            +0            
53            53            +0            +0            +0            +0            
54            54            +0            +0            +0            +0            
55            55            +0            +0            +0            +0            
56            56            +0            +0            +0            +0            
57            57            +0            +0            +0            +0            
58            58            +0            +0            +0            +0            
59            59            +0            +0            +0            +0            
60            60            +0            +0            +0            +0            
61            61            +0            +0            +0            +0            
62            62            +0            +0            +0            +0            
63            63            +0            +0            +0            +0            
64            64            +0            +0            +0            +0            
65            65            +0            +0            +0            +0            
66            66            +0            +0            +0            +0            
67            67            +0            +0            +0            +0            
68            68            +0.0214       -0.0004       +0.021        +0.021        
69            69            +0.0175       -0.0011       +0.0164       +0.0164       
70            70            +0.0257       -0.0013       +0.0244       +0.0244       
71            71            +0.0075       -0            +0.0075       +0.0075       
72            72            +0.0429       -0.0006       +0.0423       +0.0423       
73            73            +0.0415       -0.0005       +0.041        +0.041        
74            74            +0.0171       -0.0002       +0.0169       +0.0169       
75            75            +0            +0            +0            +0            
76            76            +0.0472       -0.0002       +0.047        +0.047        
77            77            +0.04         -0            +0.04         +0.04         
78            78            +0            +0            +0            +0            
79            79            +0.0272       -0            +0.0272       +0.0272       
80            80            +0            +0            +0            +0            
81            81            +0.0611       -0.0012       +0.0599       +0.0599       
82            82            +0.0076       -0.0009       +0.0067       +0.0067       
83            83            +0.063        -0.0005       +0.0625       +0.0625       
84            84            +0.0072       -0.0078       -0.0006       -0.0006       
85            85            +0.0342       -0.0026       +0.0316       +0.0316       
86            86            +0.0432       -0.0058       +0.0374       +0.0374       
87            87            +0.054        -0.006        +0.048        +0.048        
88            88            +0.0343       -0.0063       +0.028        +0.028        
89            89            +0.0622       -0.0007       +0.0615       +0.0615       
90            90            +0.041        -0.0029       +0.0381       +0.0381       
91            91            +0.0356       -0.0041       +0.0315       +0.0315       
92            92            +0.0658       -0.006        +0.0598       +0.0598       
93            93            +0.0703       -0.0059       +0.0644       +0.0644       
94            94            +0.0289       -0.0016       +0.0273       +0.0273       
95            95            +0.0489       -0.0085       +0.0404       +0.0404       
96            96            +0.0146       -0.0035       +0.0111       +0.0111       
97            97            +0.0288       -0.0047       +0.0241       +0.0241       
98            98            +0.0422       -0.0048       +0.0374       +0.0374       
99            99            +0.0436       -0.0053       +0.0383       +0.0383       
100           100           +0.0562       -0.0018       +0.0544       +0.0544       
101           101           +0.012        -0.0038       +0.0082       +0.0082       
102           102           +0.0374       -0.0018       +0.0356       +0.0356       
103           103           +0.0289       -0.0078       +0.0211       +0.0211       
104           104           -0.0004       -0.0032       -0.0036       -0.0036       
105           105           +0.0563       -0.0035       +0.0528       +0.0528       
106           106           -0.0123       -0.0072       -0.0195       -0.0195       
107           107           +0.0349       -0.0028       +0.0321       +0.0321       
108           108           +0.0275       -0.0056       +0.0219       +0.0219       
109           109           +0.0468       -0.0066       +0.0402       +0.0402       
110           110           +0.0258       -0.0062       +0.0196       +0.0196       
111           111           +0.0553       -0.0036       +0.0517       +0.0517       
112           112           +0.0306       -0.0006       +0.03         +0.03         
113           113           +0.0449       -0.0015       +0.0434       +0.0434       
114           114           +0.0351       -0.0006       +0.0345       +0.0345       
115           115           +0.0415       -0.0009       +0.0406       +0.0406       
116           116           +0.0453       -0.0009       +0.0444       +0.0444       
117           117           +0.0419       -0.0012       +0.0407       +0.0407       
118           118           +0.0599       -0.004        +0.0559       +0.0559       
119           119           -0.0042       -0.0034       -0.0076       -0.0076       
120           120           +0.0189       -0.0057       +0.0132       +0.0132       
121           121           +0.0584       -0.0053       +0.0531       +0.0531       
122           122           +0.0421       -0.0048       +0.0373       +0.0373       
123           123           +0.0142       -0.0026       +0.0116       +0.0116       
124           124           +0.0625       -0.0027       +0.0598       +0.0598       
125           125           +0.0652       -0.0033       +0.0619       +0.0619       
126           126           +0.036        -0.0014       +0.0346       +0.0346       
127           127           +0.0291       -0.0032       +0.0259       +0.0259       
128           128           +0.0424       -0.0023       +0.0401       +0.0401       
129           129           +0.0398       -0.0041       +0.0357       +0.0357       
130           130           +0.0342       -0.0016       +0.0326       +0.0326       
131           131           +0.0532       -0.0023       +0.0509       +0.0509       
132           132           +0.0246       -0.0057       +0.0189       +0.0189       
133           133           +0.0316       -0.0013       +0.0303       +0.0303       
134           134           +0.0229       -0.0029       +0.02         +0.02         
135           135           -0.01         -0.0013       -0.0113       -0.0113       
136           136           +0.0047       -0.0032       +0.0015       +0.0015       
137           137           -0.0162       -0.0056       -0.0218       -0.0218       
138           138           +0.0114       -0.0007       +0.0107       +0.0107       
139           139           +0.0197       -0.0028       +0.0169       +0.0169       
140           140           +0.0402       -0.0026       +0.0376       +0.0376       
141           141           +0.0115       -0.0033       +0.0082       +0.0082       
142           142           +0.0268       -0.0006       +0.0262       +0.0262       
143           143           +0.0398       -0.0011       +0.0387       +0.0387       
144           144           +0.0252       -0.0013       +0.0239       +0.0239       
145           145           +0.0071       -0.0026       +0.0045       +0.0045       
146           146           +0.0187       -0.0018       +0.0169       +0.0169       
147           147           +0.0092       -0.0013       +0.0079       +0.0079       
148           148           -0.019        -0.0027       -0.0217       -0.0217       
149           149           +0.023        -0.0045       +0.0185       +0.0185       
150           150           +0.0291       -0.0026       +0.0265       +0.0265       
151           151           +0.0146       -0.0019       +0.0127       +0.0127       
152           152           +0.0275       -0.0002       +0.0273       +0.0273       
153           153           +0.0209       -0.0035       +0.0174       +0.0174       
154           154           +0.0248       -0.0021       +0.0227       +0.0227       
155           155           +0.0144       -0.0017       +0.0127       +0.0127       
156           156           +0.0273       -0.0012       +0.0261       +0.0261       
157           157           +0.0078       -0.0008       +0.007        +0.007        
158           158           +0.0238       -0.0004       +0.0234       +0.0234       
159           159           +0.0051       -0.002        +0.0031       +0.0031       
160           160           +0.0292       -0.0012       +0.028        +0.028        
161           161           +0.0301       -0.0002       +0.0299       +0.0299       
162           162           +0.0166       -0.0017       +0.0149       +0.0149       
163           163           +0.0085       -0.0003       +0.0082       +0.0082       
164           164           -0.0025       -0.0001       -0.0026       -0.0026       
165           165           +0.0234       -0.001        +0.0224       +0.0224       
166           166           +0.0048       -0.0015       +0.0033       +0.0033       
167           167           +0.0029       -0.0027       +0.0002       +0.0002       
168           168           +0.0242       -0.0008       +0.0234       +0.0234       
169           169           +0.0357       -0.0025       +0.0332       +0.0332       
170           170           +0.0029       -0.0019       +0.001        +0.001        
171           171           +0.0447       -0.0006       +0.0441       +0.0441       
172           172           +0.0087       -0            +0.0087       +0.0087       
173           173           +0.0198       -0.0036       +0.0162       +0.0162       
174           174           +0.031        -0.0012       +0.0298       +0.0298       
175           175           -0.0096       -0.002        -0.0116       -0.0116       
176           176           +0.0106       -0.0025       +0.0081       +0.0081       
177           177           +0.0181       -0.0018       +0.0163       +0.0163       
178           178           +0.018        -0.0005       +0.0175       +0.0175       
179           179           +0.0197       -0.0001       +0.0196       +0.0196       
180           180           +0.0336       -0.0007       +0.0329       +0.0329       
181           181           -0            -0.0013       -0.0013       -0.0013       
182           182           +0.0077       -0.0006       +0.0071       +0.0071       
183           183           +0.0133       -0.0001       +0.0132       +0.0132       
184           184           +0.0141       -0.0005       +0.0136       +0.0136       
185           185           +0.0405       -0.0004       +0.0401       +0.0401       
186           186           +0.0173       -0.0015       +0.0158       +0.0158       
187           187           +0.0434       -0.0009       +0.0425       +0.0425       
188           188           +0.024        -0.0043       +0.0197       +0.0197       
189           189           -0.022        -0.0021       -0.0241       -0.0241       
190           190           +0.0182       -0.0033       +0.0149       +0.0149       
191           191           +0.0453       -0.0008       +0.0445       +0.0445       
192           192           +0.0108       -0.0017       +0.0091       +0.0091       
193           193           -0.0369       -0.0027       -0.0396       -0.0396       
194           194           -0.015        -0.0018       -0.0168       -0.0168       
195           195           +0.0254       -0.0042       +0.0212       +0.0212       
196           196           +0.0098       -0.0028       +0.007        +0.007        
197           197           -0.0028       -0.004        -0.0068       -0.0068       
198           198           +0.0343       -0.0021       +0.0322       +0.0322       
199           199           -0.0173       -0.0021       -0.0194       -0.0194       
200           200           -0.0044       -0.0045       -0.0089       -0.0089       
201           201           -0.0191       -0.0028       -0.0219       -0.0219       
202           202           +0.0243       -0.0079       +0.0164       +0.0164       
203           203           +0.0394       -0.0044       +0.035        +0.035        
204           204           +0.0376       -0.0015       +0.0361       +0.0361       
205           205           +0.0705       -0.0015       +0.069        +0.069        
206           206           -0.0026       -0.0056       -0.0082       -0.0082       
207           207           +0.0197       -0.0027       +0.017        +0.017        
208           208           +0.0423       -0.0029       +0.0394       +0.0394       
209           209           +0.0211       -0.0024       +0.0187       +0.0187       
210           210           +0.0112       -0.0012       +0.01         +0.01         
211           211           +0.0127       -0.0009       +0.0118       +0.0118       
212           212           -0.002        -0.0028       -0.0048       -0.0048       
213           213           +0.0173       -0.0024       +0.0149       +0.0149       
214           214           -0.0074       -0.0016       -0.009        -0.009        
215           215           +0.0472       -0.0015       +0.0457       +0.0457       
216           216           +0.0534       -0.002        +0.0514       +0.0514       
217           217           +0.026        -0.0051       +0.0209       +0.0209       
218           218           +0.0213       -0.0033       +0.018        +0.018        
219           219           +0.0191       -0.0028       +0.0163       +0.0163       
220           220           +0.0444       -0.005        +0.0394       +0.0394       
221           221           +0.0475       -0.0067       +0.0408       +0.0408       
222           222           -0.0318       -0.0017       -0.0335       -0.0335       
223           223           +0.0313       -0.0002       +0.0311       +0.0311       
224           224           +0.021        -0.0029       +0.0181       +0.0181       
225           225           +0.0057       -0.0008       +0.0049       +0.0049       
226           226           +0.0052       -0.0009       +0.0043       +0.0043       
227           227           +0.0229       -0.0027       +0.0202       +0.0202       
228           228           -0.0053       -0.0007       -0.006        -0.006        
229           229           +0.0061       -0.0028       +0.0033       +0.0033       
230           230           +0.0139       -0.0003       +0.0136       +0.0136       
231           231           +0.0353       -0.0013       +0.034        +0.034        
232           232           -0.0327       -0.0025       -0.0352       -0.0352       
233           233           +0.0252       -0.001        +0.0242       +0.0242       
234           234           +0.0286       -0.0005       +0.0281       +0.0281       
235           235           +0.0213       -0.0005       +0.0208       +0.0208       
236           236           +0.0168       -0.0009       +0.0159       +0.0159       
237           237           -0.0035       -0.0025       -0.006        -0.006        
238           238           +0.022        -0.0019       +0.0201       +0.0201       
239           239           +0.0036       -0.0001       +0.0035       +0.0035       
240           240           +0.0127       -0.0002       +0.0125       +0.0125       
241           241           +0.0322       -0.0011       +0.0311       +0.0311       
242           242           +0.0186       -0.0001       +0.0185       +0.0185       
243           243           -0.0075       -0.0028       -0.0103       -0.0103       
244           244           -0.0012       -0.0023       -0.0035       -0.0035       
245           245           -0.0092       -0.0065       -0.0157       -0.0157       
246           246           +0.0329       -0.0021       +0.0308       +0.0308       
247           247           +0.0041       -0.0005       +0.0036       +0.0036       
248           248           +0.0445       -0.002        +0.0425       +0.0425       
249           249           +0.022        -0.0008       +0.0212       +0.0212       
250           250           -0.0142       -0.0006       -0.0148       -0.0148       
251           251           +0.0577       -0.0035       +0.0542       +0.0542       
252           252           +0.0093       -0.0003       +0.009        +0.009        
253           253           +0.0462       -0.0049       +0.0413       +0.0413       
254           254           -0.0024       -0.0012       -0.0036       -0.0036       
255           255           +0.0203       -0.0019       +0.0184       +0.0184       
256           256           +0.0214       -0.0028       +0.0186       +0.0186       
257           257           -0.0039       -0.0037       -0.0076       -0.0076       
258           258           +0.0249       -0.0008       +0.0241       +0.0241       
259           259           +0.0532       -0.0017       +0.0515       +0.0515       
260           260           -0.0092       -0.0009       -0.0101       -0.0101       
261           261           +0.0193       -0.0008       +0.0185       +0.0185       
262           262           -0.0228       -0.0026       -0.0254       -0.0254       
263           263           +0.0698       -0.0063       +0.0635       +0.0635       
264           264           +0.0074       -0.0036       +0.0038       +0.0038       
265           265           -0.0293       -0.0017       -0.031        -0.031        
266           266           +0.0392       -0.0031       +0.0361       +0.0361       
267           267           +0.0456       -0.0025       +0.0431       +0.0431       
268           268           +0.0789       -0.0039       +0.075        +0.075        
269           269           -0.0103       -0.0042       -0.0145       -0.0145       
270           270           +0.0529       -0.0036       +0.0493       +0.0493       
271           271           +0.0145       -0.0028       +0.0117       +0.0117       
272           272           +0.0575       -0.0035       +0.054        +0.054        
273           273           +0.0348       -0.0017       +0.0331       +0.0331       
274           274           +0.0242       -0.0028       +0.0214       +0.0214       
275           275           +0.0597       -0.0032       +0.0565       +0.0565       
276           276           -0.0201       -0.0061       -0.0262       -0.0262       
277           277           +0.0263       -0.0012       +0.0251       +0.0251       
278           278           +0.0501       -0.0038       +0.0463       +0.0463       
279           279           +0.01         -0.0008       +0.0092       +0.0092       
280           280           +0.0443       -0.0016       +0.0427       +0.0427       
281           281           +0.0458       -0.003        +0.0428       +0.0428       
282           282           +0.0623       -0.0035       +0.0588       +0.0588       
283           283           +0.0421       -0.0026       +0.0395       +0.0395       
284           284           +0.0405       -0.0031       +0.0374       +0.0374       
285           285           -0.0017       -0.0014       -0.0031       -0.0031       
286           286           +0.044        -0.0017       +0.0423       +0.0423       
287           287           -0.0164       -0.005        -0.0214       -0.0214       
288           288           +0.0027       -0.0008       +0.0019       +0.0019       
289           289           +0.0526       -0.0042       +0.0484       +0.0484       
290           290           +0.0326       -0.0008       +0.0318       +0.0318       
291           291           +0.0454       -0.002        +0.0434       +0.0434       
292           292           +0.013        -0.0007       +0.0123       +0.0123       
293           293           +0.1044       -0.0001       +0.1043       +0.1043       
294           294           +0.022        -0.0029       +0.0191       +0.0191       
295           295           +0.0401       -0.0014       +0.0387       +0.0387       
296           296           +0.0519       -0.0075       +0.0444       +0.0444       
297           297           +0.0216       -0.0016       +0.02         +0.02         
298           298           +0.0219       -0.002        +0.0199       +0.0199       
299           299           +0.0576       -0.0051       +0.0525       +0.0525       
300           300           +0.0808       -0.0004       +0.0804       +0.0804       
301           301           +0.1428       -0.0005       +0.1423       +0.1423       
302           302           +0.0429       -0.0019       +0.041        +0.041        
303           303           +0.0018       -0.0004       +0.0014       +0.0014       
304           304           +0.0364       -0.0025       +0.0339       +0.0339       
305           305           +0.0132       -0.002        +0.0112       +0.0112       
306           306           +0.0673       -0.0012       +0.0661       +0.0661       
307           307           +0.0415       -0.0008       +0.0407       +0.0407       
308           308           +0.0497       -0.0001       +0.0496       +0.0496       
309           309           +0.0106       -0.0019       +0.0087       +0.0087       
310           310           +0.0594       -0.0025       +0.0569       +0.0569       
311           311           +0.0386       -0.0032       +0.0354       +0.0354       
312           312           +0.096        -0.0003       +0.0957       +0.0957       
313           313           +0.0124       -0.0014       +0.011        +0.011        
314           314           +0.0557       -0.0024       +0.0533       +0.0533       
315           315           +0.0236       -0.0004       +0.0232       +0.0232       
316           316           +0.0423       -0.0013       +0.041        +0.041        
317           317           +0.0559       -0.0001       +0.0558       +0.0558       
318           318           +0.0303       -0.0004       +0.0299       +0.0299       
319           319           +0.0069       -0.0032       +0.0037       +0.0037       
320           320           +0.0063       -0            +0.0063       +0.0063       
321           321           +0.0236       -0.0001       +0.0235       +0.0235       
322           322           +0.0474       -0            +0.0474       +0.0474       
323           323           +0.0064       -0            +0.0064       +0.0064       
324           324           +0            +0            +0            +0            
325           325           +0            +0            +0            +0            
326           326           +0.0102       -0            +0.0102       +0.0102       
327           327           +0.0701       -0.0001       +0.07         +0.07         
328           328           +0.0483       -0            +0.0483       +0.0483       
329           329           +0.024        -0            +0.024        +0.024        
330           330           +0            +0            +0            +0            
331           331           +0            +0            +0            +0            
332           332           -0.0068       -0            -0.0068       -0.0068       
333           333           +0            +0            +0            +0            
334           334           +0            -0            +0            +0            
335           335           +0            +0            +0            +0            
336           336           +0.0646       -0.0012       +0.0634       +0.0634       
337           337           +0            +0            +0            +0            
338           338           +0            +0            +0            +0            
339           339           +0            +0            +0            +0            
