Frame         Time          Elec          VdW           Nonbond       Total         
0             0             -4.2385       -0.0751       -4.3136       -4.3136       
1             1             -0.5328       -0.0882       -0.621        -0.621        
2             2             -0.0033       -1.379        -1.3823       -1.3823       
3             3             +1.5518       -0.1528       +1.399        +1.399        
4             4             -1.1249       -0.044        -1.1689       -1.1689       
5             5             -1.0565       -0.0753       -1.1318       -1.1318       
6             6             +1.1271       -0.1698       +0.9573       +0.9573       
7             7             -0.2478       -0.0363       -0.2841       -0.2841       
8             8             -0.1922       -0.011        -0.2032       -0.2032       
9             9             +0.0125       -0            +0.0125       +0.0125       
10            10            -2.0176       -0.0129       -2.0305       -2.0305       
11            11            +0.9083       -0.0055       +0.9028       +0.9028       
12            12            +0.454        -0.0005       +0.4535       +0.4535       
13            13            +0.0185       -0            +0.0185       +0.0185       
14            14            +0.0384       -0.0021       +0.0363       +0.0363       
15            15            +0.1441       -0.0002       +0.1439       +0.1439       
16            16            +0.0149       -0            +0.0149       +0.0149       
17            17            +0.0053       -0            +0.0053       +0.0053       
18            18            +0.0303       -0.0001       +0.0302       +0.0302       
19            19            +0.0175       -0            +0.0175       +0.0175       
20            20            +0            +0            +0            +0            
21            21            +0            +0            +0            +0            
22            22            -0.0231       -0.0015       -0.0246       -0.0246       
23            23            -0.0486       -0.0001       -0.0487       -0.0487       
24            24            +0.5538       -0.0008       +0.553        +0.553        
25            25            +0.2128       -0.0001       +0.2127       +0.2127       
26            26            +0.2533       -0.0052       +0.2481       +0.2481       
27            27            +0.1064       -0.0091       +0.0973       +0.0973       
28            28            -0.0128       -0.0107       -0.0235       -0.0235       
29            29            +0.2563       -0.0168       +0.2395       +0.2395       
30            30            +0.9033       -0.037        +0.8663       +0.8663       
31            31            +0.6038       -0.0076       +0.5962       +0.5962       
32            32            +2.6676       -0.0249       +2.6427       +2.6427       
33            33            +1.0573       -0.012        +1.0453       +1.0453       
34            34            +1.0579       -0.0122       +1.0457       +1.0457       
35            35            +2.0012       -0.0139       +1.9873       +1.9873       
36            36            +0.4983       -0.0081       +0.4902       +0.4902       
37            37            +0.879        -0.0053       +0.8737       +0.8737       
38            38            +0.7401       -0.0032       +0.7369       +0.7369       
39            39            +0.3602       -0.0119       +0.3483       +0.3483       
40            40            +0.7788       -0.0063       +0.7725       +0.7725       
41            41            +0.111        -0.0093       +0.1017       +0.1017       
42            42            +0.8143       -0.0081       +0.8062       +0.8062       
43            43            +0.9056       -0.0275       +0.8781       +0.8781       
44            44            +0.4665       -0.0038       +0.4627       +0.4627       
45            45            +0.3433       -0.0172       +0.3261       +0.3261       
46            46            +0.5444       -0.0135       +0.5309       +0.5309       
47            47            +0.1899       -0.0263       +0.1636       +0.1636       
48            48            +0.1154       -0.0109       +0.1045       +0.1045       
49            49            +0.2247       -0.0238       +0.2009       +0.2009       
50            50            +0.3937       -0.0163       +0.3774       +0.3774       
51            51            +0.6481       -0.0047       +0.6434       +0.6434       
52            52            +0.532        -0.027        +0.505        +0.505        
53            53            +2.7277       -0.0362       +2.6915       +2.6915       
54            54            +1.1199       -0.0046       +1.1153       +1.1153       
55            55            +0.5646       -0.012        +0.5526       +0.5526       
56            56            +0.8603       -0.0084       +0.8519       +0.8519       
57            57            +0.8169       -0.0309       +0.786        +0.786        
58            58            +1.8851       -0.0248       +1.8603       +1.8603       
59            59            +0.7068       -0.0819       +0.6249       +0.6249       
60            60            +1.8737       -0.1488       +1.7249       +1.7249       
61            61            +0.7528       -0.1101       +0.6427       +0.6427       
62            62            +1.1683       -0.133        +1.0353       +1.0353       
63            63            +2.2331       -0.0693       +2.1638       +2.1638       
64            64            +1.8842       -0.0453       +1.8389       +1.8389       
65            65            +1.3501       -0.0392       +1.3109       +1.3109       
66            66            +1.0232       -0.0144       +1.0088       +1.0088       
67            67            +0.6188       -0.0415       +0.5773       +0.5773       
68            68            +0.2429       -0.0125       +0.2304       +0.2304       
69            69            +0.6955       -0.157        +0.5385       +0.5385       
70            70            +0.1191       -0.0822       +0.0369       +0.0369       
71            71            +0.269        -0.0869       +0.1821       +0.1821       
72            72            +1.4074       -0.0982       +1.3092       +1.3092       
73            73            +0.4762       -0.11         +0.3662       +0.3662       
74            74            +0.3982       -0.3367       +0.0615       +0.0615       
75            75            +0.8153       -0.2738       +0.5415       +0.5415       
76            76            +1.4404       -0.6052       +0.8352       +0.8352       
77            77            +0.4818       -0.1731       +0.3087       +0.3087       
78            78            +0.3938       -0.1122       +0.2816       +0.2816       
79            79            +3.9249       -0.6123       +3.3126       +3.3126       
80            80            +1.4097       -0.392        +1.0177       +1.0177       
81            81            +0.6316       -0.201        +0.4306       +0.4306       
82            82            +0.5522       -0.1417       +0.4105       +0.4105       
83            83            +1.647        -0.1895       +1.4575       +1.4575       
84            84            +1.5741       -0.2228       +1.3513       +1.3513       
85            85            +0.8792       -0.126        +0.7532       +0.7532       
86            86            +1.7518       -0.2429       +1.5089       +1.5089       
87            87            +1.2566       -0.3282       +0.9284       +0.9284       
88            88            +1.5948       -0.2176       +1.3772       +1.3772       
89            89            +1.466        -0.336        +1.13         +1.13         
90            90            +1.0221       -0.1596       +0.8625       +0.8625       
91            91            +1.4547       -0.4188       +1.0359       +1.0359       
92            92            +0.9901       -0.2002       +0.7899       +0.7899       
93            93            +0.324        -0.1222       +0.2018       +0.2018       
94            94            +0.7416       -0.1357       +0.6059       +0.6059       
95            95            +0.5389       -0.3517       +0.1872       +0.1872       
96            96            +0.3284       -0.1088       +0.2196       +0.2196       
97            97            +0.3679       -0.1261       +0.2418       +0.2418       
98            98            +3.7002       -0.6943       +3.0059       +3.0059       
99            99            +1.6611       -0.941        +0.7201       +0.7201       
100           100           +1.4327       -0.411        +1.0217       +1.0217       
101           101           +0.4739       -0.1831       +0.2908       +0.2908       
102           102           +2.5116       -0.6151       +1.8965       +1.8965       
103           103           +2.8769       -0.6688       +2.2081       +2.2081       
104           104           +1.3519       -0.2804       +1.0715       +1.0715       
105           105           +0.9116       -0.2035       +0.7081       +0.7081       
106           106           +0.3422       -0.3128       +0.0294       +0.0294       
107           107           +0.6288       -0.0876       +0.5412       +0.5412       
108           108           +0.5628       -0.0957       +0.4671       +0.4671       
109           109           +1.3472       -0.4957       +0.8515       +0.8515       
110           110           +1.5804       -0.2219       +1.3585       +1.3585       
111           111           +1.1883       -0.4754       +0.7129       +0.7129       
112           112           +3.3228       -0.6282       +2.6946       +2.6946       
113           113           +2.4617       -0.629        +1.8327       +1.8327       
114           114           +1.0507       -0.4445       +0.6062       +0.6062       
115           115           +0.75         -0.4564       +0.2936       +0.2936       
116           116           +0.3789       -0.1844       +0.1945       +0.1945       
117           117           +1.543        -0.8107       +0.7323       +0.7323       
118           118           +1.798        -0.4581       +1.3399       +1.3399       
119           119           +1.006        -0.3552       +0.6508       +0.6508       
120           120           +3.4491       -0.4111       +3.038        +3.038        
121           121           +1.8384       -0.2712       +1.5672       +1.5672       
122           122           +1.9515       -1.0645       +0.887        +0.887        
123           123           +1.072        -0.4965       +0.5755       +0.5755       
124           124           +2.1817       -1.1107       +1.071        +1.071        
125           125           +1.0948       -0.3552       +0.7396       +0.7396       
126           126           +1.6277       -0.2258       +1.4019       +1.4019       
127           127           +0.773        -0.1629       +0.6101       +0.6101       
128           128           +0.1623       -0.1138       +0.0485       +0.0485       
129           129           +0.1854       -0.09         +0.0954       +0.0954       
130           130           +0.8709       -0.1496       +0.7213       +0.7213       
131           131           +0.278        -0.1068       +0.1712       +0.1712       
132           132           +0.5711       -0.3806       +0.1905       +0.1905       
133           133           +2.1494       -0.1562       +1.9932       +1.9932       
134           134           +2.1244       -0.1078       +2.0166       +2.0166       
135           135           +0.0314       -0.0777       -0.0463       -0.0463       
136           136           +0.3176       -0.1555       +0.1621       +0.1621       
137           137           +0.3517       -0.2124       +0.1393       +0.1393       
138           138           -0.0269       -0.0883       -0.1152       -0.1152       
139           139           +0.1325       -0.0816       +0.0509       +0.0509       
140           140           +0.3978       -0.1491       +0.2487       +0.2487       
141           141           +0.6916       -0.1365       +0.5551       +0.5551       
142           142           +0.5584       -0.1467       +0.4117       +0.4117       
143           143           +0.116        -0.1384       -0.0224       -0.0224       
144           144           +0.2898       -0.1118       +0.178        +0.178        
145           145           +0.9831       -0.2808       +0.7023       +0.7023       
146           146           +0.0159       -0.1063       -0.0904       -0.0904       
147           147           +0.1785       -0.1391       +0.0394       +0.0394       
148           148           +0.3652       -0.1606       +0.2046       +0.2046       
149           149           +0.4435       -0.1207       +0.3228       +0.3228       
150           150           +0.5506       -0.1421       +0.4085       +0.4085       
151           151           +0.7523       -0.18         +0.5723       +0.5723       
152           152           +0.0702       -0.1383       -0.0681       -0.0681       
153           153           -0.2996       -0.1224       -0.422        -0.422        
154           154           -0.0362       -0.1183       -0.1545       -0.1545       
155           155           -0.1438       -0.0522       -0.196        -0.196        
156           156           -0.1331       -0.1349       -0.268        -0.268        
157           157           -0.0356       -0.0996       -0.1352       -0.1352       
158           158           -0.1452       -0.1909       -0.3361       -0.3361       
159           159           +0.0575       -0.1336       -0.0761       -0.0761       
160           160           +0.1464       -0.0987       +0.0477       +0.0477       
161           161           -0.0667       -0.1266       -0.1933       -0.1933       
162           162           +0.0674       -0.129        -0.0616       -0.0616       
163           163           -0.1123       -0.0897       -0.202        -0.202        
164           164           -0.0382       -0.0721       -0.1103       -0.1103       
165           165           -0.1216       -0.0933       -0.2149       -0.2149       
166           166           -0.0765       -0.079        -0.1555       -0.1555       
167           167           +0.0722       -0.0897       -0.0175       -0.0175       
168           168           +0.0607       -0.109        -0.0483       -0.0483       
169           169           -0.0118       -0.1114       -0.1232       -0.1232       
170           170           +0.0489       -0.1331       -0.0842       -0.0842       
171           171           -0.141        -0.0561       -0.1971       -0.1971       
172           172           -0.0635       -0.1005       -0.164        -0.164        
173           173           -0.0104       -0.1439       -0.1543       -0.1543       
174           174           +0.1897       -0.1178       +0.0719       +0.0719       
175           175           +0.0168       -0.0976       -0.0808       -0.0808       
176           176           +0.1746       -0.0939       +0.0807       +0.0807       
177           177           +0.21         -0.1629       +0.0471       +0.0471       
178           178           +0.2599       -0.1196       +0.1403       +0.1403       
179           179           +0.2205       -0.1034       +0.1171       +0.1171       
180           180           +0.056        -0.0838       -0.0278       -0.0278       
181           181           +0.2169       -0.12         +0.0969       +0.0969       
182           182           +0.0535       -0.1052       -0.0517       -0.0517       
183           183           -0.057        -0.0902       -0.1472       -0.1472       
184           184           +0.2909       -0.1466       +0.1443       +0.1443       
185           185           -0.0211       -0.1145       -0.1356       -0.1356       
186           186           +0.2264       -0.1404       +0.086        +0.086        
187           187           +0.2839       -0.2044       +0.0795       +0.0795       
188           188           +0.0689       -0.1253       -0.0564       -0.0564       
189           189           -0.0506       -0.1669       -0.2175       -0.2175       
190           190           +0.064        -0.1313       -0.0673       -0.0673       
191           191           +0.0528       -0.1782       -0.1254       -0.1254       
192           192           +0.0905       -0.1163       -0.0258       -0.0258       
193           193           +0.3149       -0.1725       +0.1424       +0.1424       
194           194           +0.0993       -0.1407       -0.0414       -0.0414       
195           195           -0.036        -0.1352       -0.1712       -0.1712       
196           196           -0.0542       -0.0946       -0.1488       -0.1488       
197           197           +0.0825       -0.2079       -0.1254       -0.1254       
198           198           +0.173        -0.0631       +0.1099       +0.1099       
199           199           +0.0037       -0.1067       -0.103        -0.103        
200           200           +0.1291       -0.1098       +0.0193       +0.0193       
201           201           +0.061        -0.1072       -0.0462       -0.0462       
202           202           +0.0864       -0.1228       -0.0364       -0.0364       
203           203           -0.0069       -0.0663       -0.0732       -0.0732       
204           204           +0.4968       -0.175        +0.3218       +0.3218       
205           205           +0.3512       -0.1314       +0.2198       +0.2198       
206           206           -0.1948       -0.0841       -0.2789       -0.2789       
207           207           +0.2512       -0.2001       +0.0511       +0.0511       
208           208           -0.0238       -0.1548       -0.1786       -0.1786       
209           209           +0.3755       -0.3148       +0.0607       +0.0607       
210           210           +0.0166       -0.1406       -0.124        -0.124        
211           211           +0.3016       -0.1117       +0.1899       +0.1899       
212           212           -0.0184       -0.0851       -0.1035       -0.1035       
213           213           +0.3899       -0.1748       +0.2151       +0.2151       
214           214           +0.184        -0.2294       -0.0454       -0.0454       
215           215           +0.231        -0.0964       +0.1346       +0.1346       
216           216           +0.1356       -0.0943       +0.0413       +0.0413       
217           217           +0.2498       -0.1389       +0.1109       +0.1109       
218           218           +0.5555       -0.1593       +0.3962       +0.3962       
219           219           +0.0527       -0.0843       -0.0316       -0.0316       
220           220           +0.4403       -0.3609       +0.0794       +0.0794       
221           221           +0.2652       -0.3584       -0.0932       -0.0932       
222           222           -0.0248       -0.1049       -0.1297       -0.1297       
223           223           -0.0806       -0.1365       -0.2171       -0.2171       
224           224           +0.1849       -0.1684       +0.0165       +0.0165       
225           225           +0.1576       -0.1565       +0.0011       +0.0011       
226           226           +0.1545       -0.1309       +0.0236       +0.0236       
227           227           +0.0231       -0.0754       -0.0523       -0.0523       
228           228           -0.0214       -0.114        -0.1354       -0.1354       
229           229           +0.1263       -0.1298       -0.0035       -0.0035       
230           230           +0.2003       -0.1838       +0.0165       +0.0165       
231           231           -0.0145       -0.0781       -0.0926       -0.0926       
232           232           +0.0125       -0.1203       -0.1078       -0.1078       
233           233           +0.0931       -0.1462       -0.0531       -0.0531       
234           234           +0.0764       -0.1253       -0.0489       -0.0489       
235           235           +0.5289       -0.1743       +0.3546       +0.3546       
236           236           -0.0119       -0.1279       -0.1398       -0.1398       
237           237           +0.2703       -0.1422       +0.1281       +0.1281       
238           238           -0.0166       -0.0706       -0.0872       -0.0872       
239           239           +0.2494       -0.1198       +0.1296       +0.1296       
240           240           -0.0069       -0.1068       -0.1137       -0.1137       
241           241           -0.1345       -0.0859       -0.2204       -0.2204       
242           242           +0.2721       -0.1266       +0.1455       +0.1455       
243           243           +0.0576       -0.1202       -0.0626       -0.0626       
244           244           +0.1756       -0.0977       +0.0779       +0.0779       
245           245           +0.1724       -0.0938       +0.0786       +0.0786       
246           246           +0.2251       -0.1186       +0.1065       +0.1065       
247           247           +0.0204       -0.1243       -0.1039       -0.1039       
248           248           -0.0638       -0.0969       -0.1607       -0.1607       
249           249           +0.2982       -0.1426       +0.1556       +0.1556       
250           250           +0.4053       -0.1485       +0.2568       +0.2568       
251           251           +0.0519       -0.1689       -0.117        -0.117        
252           252           +0.0313       -0.1297       -0.0984       -0.0984       
253           253           +0.6012       -0.1533       +0.4479       +0.4479       
254           254           +0.0476       -0.1705       -0.1229       -0.1229       
255           255           +0.371        -0.1676       +0.2034       +0.2034       
256           256           +0.1728       -0.1372       +0.0356       +0.0356       
257           257           +0.2678       -0.1354       +0.1324       +0.1324       
258           258           +0.0632       -0.0822       -0.019        -0.019        
259           259           -0.0845       -0.0818       -0.1663       -0.1663       
260           260           +0.3056       -0.1531       +0.1525       +0.1525       
261           261           -0.0242       -0.0648       -0.089        -0.089        
262           262           +0.0321       -0.0894       -0.0573       -0.0573       
263           263           +0.157        -0.1084       +0.0486       +0.0486       
264           264           -0.1141       -0.1601       -0.2742       -0.2742       
265           265           +0.1497       -0.1137       +0.036        +0.036        
266           266           -0.074        -0.0844       -0.1584       -0.1584       
267           267           +0.166        -0.0888       +0.0772       +0.0772       
268           268           +0.2164       -0.1213       +0.0951       +0.0951       
269           269           +0.0707       -0.1357       -0.065        -0.065        
270           270           -0.1606       -0.1176       -0.2782       -0.2782       
271           271           -0.1047       -0.0874       -0.1921       -0.1921       
272           272           +0.2319       -0.1285       +0.1034       +0.1034       
273           273           -0.0164       -0.1061       -0.1225       -0.1225       
274           274           -0.0042       -0.0667       -0.0709       -0.0709       
275           275           +0.2883       -0.1155       +0.1728       +0.1728       
276           276           -0.0351       -0.0918       -0.1269       -0.1269       
277           277           +0.0274       -0.1443       -0.1169       -0.1169       
278           278           +0.4613       -0.1279       +0.3334       +0.3334       
279           279           -0.1455       -0.0712       -0.2167       -0.2167       
280           280           -0.0714       -0.0961       -0.1675       -0.1675       
281           281           -0.0639       -0.0589       -0.1228       -0.1228       
282           282           +0.1241       -0.1032       +0.0209       +0.0209       
283           283           +0.3398       -0.1672       +0.1726       +0.1726       
284           284           +0.5557       -0.0757       +0.48         +0.48         
285           285           +0.367        -0.1071       +0.2599       +0.2599       
286           286           +0.5221       -0.1206       +0.4015       +0.4015       
287           287           +0.4045       -0.1064       +0.2981       +0.2981       
288           288           +0.5564       -0.1471       +0.4093       +0.4093       
289           289           +0.0587       -0.089        -0.0303       -0.0303       
290           290           +0.3144       -0.0987       +0.2157       +0.2157       
291           291           +0.2539       -0.1189       +0.135        +0.135        
292           292           +0.2304       -0.078        +0.1524       +0.1524       
293           293           +0.1098       -0.075        +0.0348       +0.0348       
294           294           -0.01         -0.0309       -0.0409       -0.0409       
295           295           +0.2455       -0.0536       +0.1919       +0.1919       
296           296           -0.1038       -0.0567       -0.1605       -0.1605       
297           297           +0.0841       -0.1065       -0.0224       -0.0224       
298           298           -0.0022       -0.0954       -0.0976       -0.0976       
299           299           -0.0314       -0.0985       -0.1299       -0.1299       
300           300           +0.0812       -0.0944       -0.0132       -0.0132       
301           301           +0.4224       -0.1304       +0.292        +0.292        
302           302           +0.4119       -0.103        +0.3089       +0.3089       
303           303           +0.1401       -0.1066       +0.0335       +0.0335       
304           304           +0.1568       -0.0843       +0.0725       +0.0725       
305           305           +0.1772       -0.1313       +0.0459       +0.0459       
306           306           +0.0389       -0.1341       -0.0952       -0.0952       
307           307           +0.1724       -0.1308       +0.0416       +0.0416       
308           308           -0.0266       -0.0843       -0.1109       -0.1109       
309           309           -0.2042       -0.1307       -0.3349       -0.3349       
310           310           +0.0999       -0.0843       +0.0156       +0.0156       
311           311           +0.0311       -0.0942       -0.0631       -0.0631       
312           312           +0.0055       -0.1394       -0.1339       -0.1339       
313           313           -0.1145       -0.1526       -0.2671       -0.2671       
314           314           -0.2738       -0.0497       -0.3235       -0.3235       
315           315           -0.2942       -0.0557       -0.3499       -0.3499       
316           316           -0.2128       -0.0299       -0.2427       -0.2427       
317           317           +0.0992       -0.0652       +0.034        +0.034        
318           318           +0.0345       -0.0975       -0.063        -0.063        
319           319           -0.0706       -0.0358       -0.1064       -0.1064       
320           320           -0.1698       -0.0582       -0.228        -0.228        
321           321           -0.4728       -0.0207       -0.4935       -0.4935       
322           322           -0.0489       -0.106        -0.1549       -0.1549       
323           323           +0.0071       -0.0495       -0.0424       -0.0424       
324           324           -0.3229       -0.0314       -0.3543       -0.3543       
325           325           -0.2354       -0.0426       -0.278        -0.278        
326           326           -0.1682       -0.0709       -0.2391       -0.2391       
327           327           -0.2407       -0.016        -0.2567       -0.2567       
328           328           -0.2057       -0.0362       -0.2419       -0.2419       
329           329           -0.2673       -0.0265       -0.2938       -0.2938       
330           330           -0.1723       -0.0433       -0.2156       -0.2156       
331           331           -0.2861       -0.0277       -0.3138       -0.3138       
332           332           -0.2819       -0.1337       -0.4156       -0.4156       
333           333           -0.1608       -0.0801       -0.2409       -0.2409       
334           334           -0.1878       -0.029        -0.2168       -0.2168       
335           335           -0.1894       -0.0888       -0.2782       -0.2782       
336           336           -0.4911       -0.0738       -0.5649       -0.5649       
337           337           -0.06         -0.0027       -0.0627       -0.0627       
338           338           +0.1355       -0.0349       +0.1006       +0.1006       
339           339           -0.4182       -0.0745       -0.4927       -0.4927       
