Frame         Time          Elec          VdW           Nonbond       Total         
0             0             +8.965        -0.525        +8.44         +8.44         
1             1             -0.7437       -0.2673       -1.011        -1.011        
2             2             -4.849        -0.4179       -5.2669       -5.2669       
3             3             -3.0029       -0.1294       -3.1323       -3.1323       
4             4             -0.5413       -0.0678       -0.6091       -0.6091       
5             5             -0.8359       -0.0684       -0.9043       -0.9043       
6             6             -5.2528       -0.2561       -5.5089       -5.5089       
7             7             -1.1704       -0.0356       -1.206        -1.206        
8             8             -1.0404       -0.0129       -1.0533       -1.0533       
9             9             -0.0157       -0            -0.0157       -0.0157       
10            10            +2.3552       -0.0264       +2.3288       +2.3288       
11            11            -0.8507       -0.0032       -0.8539       -0.8539       
12            12            -0.4634       -0.002        -0.4654       -0.4654       
13            13            -0.1031       -0.0001       -0.1032       -0.1032       
14            14            -0.0186       -0.0003       -0.0189       -0.0189       
15            15            -0.2268       -0.0003       -0.2271       -0.2271       
16            16            -0.0103       -0            -0.0103       -0.0103       
17            17            +0            +0            +0            +0            
18            18            -0.0076       -0            -0.0076       -0.0076       
19            19            -0.0716       -0.0001       -0.0717       -0.0717       
20            20            +0            +0            +0            +0            
21            21            +0            +0            +0            +0            
22            22            -0.4554       -0.0014       -0.4568       -0.4568       
23            23            +0.0225       -0.0039       +0.0186       +0.0186       
24            24            -1.5129       -0.0295       -1.5424       -1.5424       
25            25            -0.7777       -0.0127       -0.7904       -0.7904       
26            26            +0.7514       -0.0299       +0.7215       +0.7215       
27            27            -0.0293       -0.033        -0.0623       -0.0623       
28            28            -0.0762       -0.0325       -0.1087       -0.1087       
29            29            +1.1835       -0.0671       +1.1164       +1.1164       
30            30            +1.5662       -0.0969       +1.4693       +1.4693       
31            31            -1.1179       -0.0438       -1.1617       -1.1617       
32            32            -0.4981       -0.1123       -0.6104       -0.6104       
33            33            -0.1054       -0.0426       -0.148        -0.148        
34            34            +0.4458       -0.0568       +0.389        +0.389        
35            35            +0.4511       -0.0705       +0.3806       +0.3806       
36            36            +1.8539       -0.0748       +1.7791       +1.7791       
37            37            +1.0241       -0.0652       +0.9589       +0.9589       
38            38            +1.6954       -0.0366       +1.6588       +1.6588       
39            39            +0.8106       -0.0584       +0.7522       +0.7522       
40            40            +0.5244       -0.0382       +0.4862       +0.4862       
41            41            -1.4251       -0.0581       -1.4832       -1.4832       
42            42            +1.6284       -0.0589       +1.5695       +1.5695       
43            43            +0.994        -0.0585       +0.9355       +0.9355       
44            44            +0.9301       -0.0132       +0.9169       +0.9169       
45            45            -0.3213       -0.0278       -0.3491       -0.3491       
46            46            +1.4234       -0.0747       +1.3487       +1.3487       
47            47            +1.8221       -0.0783       +1.7438       +1.7438       
48            48            +1.303        -0.0465       +1.2565       +1.2565       
49            49            +0.5444       -0.0744       +0.47         +0.47         
50            50            +1.161        -0.055        +1.106        +1.106        
51            51            +0.4075       -0.0381       +0.3694       +0.3694       
52            52            +1.9903       -0.0712       +1.9191       +1.9191       
53            53            +0.2467       -0.069        +0.1777       +0.1777       
54            54            +1.0112       -0.04         +0.9712       +0.9712       
55            55            +0.0459       -0.0714       -0.0255       -0.0255       
56            56            -1.0967       -0.0828       -1.1795       -1.1795       
57            57            +1.2421       -0.0696       +1.1725       +1.1725       
58            58            -0.673        -0.167        -0.84         -0.84         
59            59            +1.1067       -0.1102       +0.9965       +0.9965       
60            60            -1.8618       -0.1718       -2.0336       -2.0336       
61            61            -0.6184       -0.1477       -0.7661       -0.7661       
62            62            -1.2986       -0.1543       -1.4529       -1.4529       
63            63            +0.6458       -0.1195       +0.5263       +0.5263       
64            64            -0.2886       -0.1526       -0.4412       -0.4412       
65            65            -3.6973       -0.1546       -3.8519       -3.8519       
66            66            -1.5997       -0.0428       -1.6425       -1.6425       
67            67            -0.8138       -0.0717       -0.8855       -0.8855       
68            68            +1.5296       -0.0594       +1.4702       +1.4702       
69            69            -1.6609       -0.1855       -1.8464       -1.8464       
70            70            +0.6548       -0.1685       +0.4863       +0.4863       
71            71            -0.0112       -0.075        -0.0862       -0.0862       
72            72            +0.9523       -0.0807       +0.8716       +0.8716       
73            73            +0.4192       -0.1296       +0.2896       +0.2896       
74            74            -0.8434       -0.23         -1.0734       -1.0734       
75            75            -0.0442       -0.1502       -0.1944       -0.1944       
76            76            +0.4098       -0.1931       +0.2167       +0.2167       
77            77            +0.2745       -0.1148       +0.1597       +0.1597       
78            78            +0.2699       -0.0682       +0.2017       +0.2017       
79            79            -0.6205       -0.334        -0.9545       -0.9545       
80            80            -1.6823       -0.203        -1.8853       -1.8853       
81            81            +0.5375       -0.1216       +0.4159       +0.4159       
82            82            +0.237        -0.1225       +0.1145       +0.1145       
83            83            +0.2956       -0.0876       +0.208        +0.208        
84            84            -0.1222       -0.1621       -0.2843       -0.2843       
85            85            -0.3281       -0.0873       -0.4154       -0.4154       
86            86            -0.1839       -0.1099       -0.2938       -0.2938       
87            87            -1.5638       -0.1465       -1.7103       -1.7103       
88            88            +0.3767       -0.0952       +0.2815       +0.2815       
89            89            +0.3623       -0.1764       +0.1859       +0.1859       
90            90            -0.3644       -0.0927       -0.4571       -0.4571       
91            91            -0.2337       -0.2017       -0.4354       -0.4354       
92            92            +0.2174       -0.0971       +0.1203       +0.1203       
93            93            +0.197        -0.0444       +0.1526       +0.1526       
94            94            -0.207        -0.0963       -0.3033       -0.3033       
95            95            -0.0968       -0.1449       -0.2417       -0.2417       
96            96            +0.0738       -0.0953       -0.0215       -0.0215       
97            97            -0.2537       -0.1075       -0.3612       -0.3612       
98            98            -0.3361       -0.237        -0.5731       -0.5731       
99            99            +0.4018       -0.3564       +0.0454       +0.0454       
100           100           +0.0265       -0.2713       -0.2448       -0.2448       
101           101           -0.1331       -0.1206       -0.2537       -0.2537       
102           102           +0.3727       -0.1746       +0.1981       +0.1981       
103           103           -3.557        -0.2502       -3.8072       -3.8072       
104           104           -1.0119       -0.2076       -1.2195       -1.2195       
105           105           +0.2252       -0.1323       +0.0929       +0.0929       
106           106           -0.2829       -0.1135       -0.3964       -0.3964       
107           107           -0.5834       -0.1162       -0.6996       -0.6996       
108           108           -0.5142       -0.153        -0.6672       -0.6672       
109           109           -0.2235       -0.142        -0.3655       -0.3655       
110           110           -1.0727       -0.1212       -1.1939       -1.1939       
111           111           -0.2751       -0.1242       -0.3993       -0.3993       
112           112           -2.6212       -0.2283       -2.8495       -2.8495       
113           113           +0.921        -0.2131       +0.7079       +0.7079       
114           114           +0.5258       -0.1199       +0.4059       +0.4059       
115           115           +0.9265       -0.1332       +0.7933       +0.7933       
116           116           +0.0286       -0.0669       -0.0383       -0.0383       
117           117           -0.7689       -0.2392       -1.0081       -1.0081       
118           118           +0.7155       -0.222        +0.4935       +0.4935       
119           119           +0.1977       -0.0856       +0.1121       +0.1121       
120           120           +0.5609       -0.1327       +0.4282       +0.4282       
121           121           -0.8777       -0.1547       -1.0324       -1.0324       
122           122           -0.0701       -0.2791       -0.3492       -0.3492       
123           123           -0.2066       -0.1336       -0.3402       -0.3402       
124           124           +0.6861       -0.3874       +0.2987       +0.2987       
125           125           -0.1505       -0.1045       -0.255        -0.255        
126           126           -0.0776       -0.0608       -0.1384       -0.1384       
127           127           +0.0644       -0.1084       -0.044        -0.044        
128           128           -0.2796       -0.0411       -0.3207       -0.3207       
129           129           -0.0239       -0.0987       -0.1226       -0.1226       
130           130           +0.8353       -0.138        +0.6973       +0.6973       
131           131           +0.5375       -0.0906       +0.4469       +0.4469       
132           132           -0.4763       -0.1077       -0.584        -0.584        
133           133           +0.5524       -0.1108       +0.4416       +0.4416       
134           134           -1.0572       -0.0867       -1.1439       -1.1439       
135           135           +0.3554       -0.0748       +0.2806       +0.2806       
136           136           +0.3471       -0.2073       +0.1398       +0.1398       
137           137           -0.1208       -0.1393       -0.2601       -0.2601       
138           138           +0.1319       -0.0752       +0.0567       +0.0567       
139           139           +0.0017       -0.0494       -0.0477       -0.0477       
140           140           +0.1883       -0.0921       +0.0962       +0.0962       
141           141           +0.2068       -0.143        +0.0638       +0.0638       
142           142           -0.3915       -0.14         -0.5315       -0.5315       
143           143           +0.1707       -0.0627       +0.108        +0.108        
144           144           +0.0756       -0.0758       -0.0002       -0.0002       
145           145           -0.1169       -0.2602       -0.3771       -0.3771       
146           146           +0.4753       -0.1413       +0.334        +0.334        
147           147           +0.2472       -0.0819       +0.1653       +0.1653       
148           148           -0.281        -0.1122       -0.3932       -0.3932       
149           149           +0.2105       -0.1164       +0.0941       +0.0941       
150           150           -0.319        -0.0591       -0.3781       -0.3781       
151           151           +0.197        -0.0979       +0.0991       +0.0991       
152           152           +0.0286       -0.0438       -0.0152       -0.0152       
153           153           -0.102        -0.06         -0.162        -0.162        
154           154           +0.0762       -0.0579       +0.0183       +0.0183       
155           155           +0.2535       -0.0343       +0.2192       +0.2192       
156           156           -0.1169       -0.0828       -0.1997       -0.1997       
157           157           +0.349        -0.196        +0.153        +0.153        
158           158           +0.3915       -0.1321       +0.2594       +0.2594       
159           159           +0.2307       -0.1235       +0.1072       +0.1072       
160           160           +0.1113       -0.0663       +0.045        +0.045        
161           161           +0.0295       -0.066        -0.0365       -0.0365       
162           162           +0.3322       -0.1196       +0.2126       +0.2126       
163           163           +0.1076       -0.0716       +0.036        +0.036        
164           164           +0.2068       -0.0955       +0.1113       +0.1113       
165           165           +0.1644       -0.1082       +0.0562       +0.0562       
166           166           +0.1072       -0.1005       +0.0067       +0.0067       
167           167           +0.2342       -0.1465       +0.0877       +0.0877       
168           168           +0.2115       -0.1219       +0.0896       +0.0896       
169           169           +0.0931       -0.0825       +0.0106       +0.0106       
170           170           +0.2464       -0.1489       +0.0975       +0.0975       
171           171           +0.1549       -0.0525       +0.1024       +0.1024       
172           172           +0.392        -0.1427       +0.2493       +0.2493       
173           173           -0.1751       -0.0636       -0.2387       -0.2387       
174           174           +0.3102       -0.1289       +0.1813       +0.1813       
175           175           +0.3644       -0.1412       +0.2232       +0.2232       
176           176           +0.0471       -0.063        -0.0159       -0.0159       
177           177           +0.0555       -0.1296       -0.0741       -0.0741       
178           178           +0.3044       -0.1533       +0.1511       +0.1511       
179           179           -0.0153       -0.0718       -0.0871       -0.0871       
180           180           -0.1066       -0.0477       -0.1543       -0.1543       
181           181           +0.0124       -0.0623       -0.0499       -0.0499       
182           182           +0.3038       -0.1218       +0.182        +0.182        
183           183           +0.1222       -0.0866       +0.0356       +0.0356       
184           184           -0.3621       -0.1035       -0.4656       -0.4656       
185           185           -0.2236       -0.0548       -0.2784       -0.2784       
186           186           -0.1892       -0.1521       -0.3413       -0.3413       
187           187           +0.0788       -0.1661       -0.0873       -0.0873       
188           188           +0.2301       -0.129        +0.1011       +0.1011       
189           189           +0.2939       -0.1332       +0.1607       +0.1607       
190           190           +0.061        -0.1448       -0.0838       -0.0838       
191           191           +0.0895       -0.206        -0.1165       -0.1165       
192           192           +0.1954       -0.1257       +0.0697       +0.0697       
193           193           -0.1772       -0.1136       -0.2908       -0.2908       
194           194           +0.0484       -0.1333       -0.0849       -0.0849       
195           195           +0.1438       -0.1243       +0.0195       +0.0195       
196           196           +0.2025       -0.1022       +0.1003       +0.1003       
197           197           +0.3258       -0.1831       +0.1427       +0.1427       
198           198           +0.0396       -0.0696       -0.03         -0.03         
199           199           +0.0637       -0.0736       -0.0099       -0.0099       
200           200           +0.0706       -0.0789       -0.0083       -0.0083       
201           201           +0.3499       -0.1348       +0.2151       +0.2151       
202           202           +0.0522       -0.0893       -0.0371       -0.0371       
203           203           +0.2175       -0.0958       +0.1217       +0.1217       
204           204           +0.4603       -0.1241       +0.3362       +0.3362       
205           205           +0.3116       -0.0878       +0.2238       +0.2238       
206           206           -0.0541       -0.0563       -0.1104       -0.1104       
207           207           +0.2522       -0.1585       +0.0937       +0.0937       
208           208           +0.3015       -0.175        +0.1265       +0.1265       
209           209           +0.3351       -0.2305       +0.1046       +0.1046       
210           210           +0.0893       -0.0597       +0.0296       +0.0296       
211           211           +0.4591       -0.1044       +0.3547       +0.3547       
212           212           +0.4487       -0.1044       +0.3443       +0.3443       
213           213           -0.0167       -0.1606       -0.1773       -0.1773       
214           214           +0.5494       -0.237        +0.3124       +0.3124       
215           215           +0.3354       -0.125        +0.2104       +0.2104       
216           216           +0.2366       -0.119        +0.1176       +0.1176       
217           217           -0.2276       -0.1719       -0.3995       -0.3995       
218           218           +0.4029       -0.1161       +0.2868       +0.2868       
219           219           +0.3196       -0.1426       +0.177        +0.177        
220           220           +0.2693       -0.2045       +0.0648       +0.0648       
221           221           -0.0743       -0.1419       -0.2162       -0.2162       
222           222           +0.2679       -0.0783       +0.1896       +0.1896       
223           223           +0.1292       -0.1017       +0.0275       +0.0275       
224           224           +0.1416       -0.107        +0.0346       +0.0346       
225           225           +0.1253       -0.11         +0.0153       +0.0153       
226           226           +0.2877       -0.0925       +0.1952       +0.1952       
227           227           +0.3968       -0.0874       +0.3094       +0.3094       
228           228           +0.1756       -0.0971       +0.0785       +0.0785       
229           229           +0.3932       -0.1223       +0.2709       +0.2709       
230           230           +0.1121       -0.1074       +0.0047       +0.0047       
231           231           +0.1404       -0.0614       +0.079        +0.079        
232           232           +0.0637       -0.057        +0.0067       +0.0067       
233           233           -0.0615       -0.0644       -0.1259       -0.1259       
234           234           +0.3927       -0.1333       +0.2594       +0.2594       
235           235           +0.2901       -0.1719       +0.1182       +0.1182       
236           236           +0.2241       -0.0697       +0.1544       +0.1544       
237           237           +0.4425       -0.1229       +0.3196       +0.3196       
238           238           +0.2029       -0.0468       +0.1561       +0.1561       
239           239           +0.1573       -0.0946       +0.0627       +0.0627       
240           240           +0.0012       -0.0826       -0.0814       -0.0814       
241           241           +0.1715       -0.0738       +0.0977       +0.0977       
242           242           +0.6162       -0.1931       +0.4231       +0.4231       
243           243           +0.2359       -0.1099       +0.126        +0.126        
244           244           +0.2834       -0.0801       +0.2033       +0.2033       
245           245           +0.2678       -0.1052       +0.1626       +0.1626       
246           246           +0.2429       -0.0892       +0.1537       +0.1537       
247           247           +0.3748       -0.0926       +0.2822       +0.2822       
248           248           -0.0884       -0.0371       -0.1255       -0.1255       
249           249           +0.2749       -0.1643       +0.1106       +0.1106       
250           250           +0.1257       -0.1437       -0.018        -0.018        
251           251           -0.0025       -0.1166       -0.1191       -0.1191       
252           252           -0.0185       -0.1337       -0.1522       -0.1522       
253           253           +0.3005       -0.1076       +0.1929       +0.1929       
254           254           +0.2237       -0.0799       +0.1438       +0.1438       
255           255           +0.1907       -0.1479       +0.0428       +0.0428       
256           256           +0.3572       -0.1015       +0.2557       +0.2557       
257           257           +0.1338       -0.1342       -0.0004       -0.0004       
258           258           +0.1939       -0.075        +0.1189       +0.1189       
259           259           +0.1349       -0.0478       +0.0871       +0.0871       
260           260           +0.1533       -0.136        +0.0173       +0.0173       
261           261           +0.3952       -0.106        +0.2892       +0.2892       
262           262           +0.3548       -0.1183       +0.2365       +0.2365       
263           263           +0.363        -0.1056       +0.2574       +0.2574       
264           264           +0.2544       -0.105        +0.1494       +0.1494       
265           265           +0.1792       -0.1013       +0.0779       +0.0779       
266           266           +0.4106       -0.1073       +0.3033       +0.3033       
267           267           +0.2009       -0.0773       +0.1236       +0.1236       
268           268           +0.1053       -0.1018       +0.0035       +0.0035       
269           269           +0.1012       -0.0692       +0.032        +0.032        
270           270           +0.2298       -0.0941       +0.1357       +0.1357       
271           271           +0.1661       -0.0777       +0.0884       +0.0884       
272           272           +0.303        -0.134        +0.169        +0.169        
273           273           +0.2399       -0.079        +0.1609       +0.1609       
274           274           +0.26         -0.0703       +0.1897       +0.1897       
275           275           +0.1947       -0.0793       +0.1154       +0.1154       
276           276           -0.0062       -0.0585       -0.0647       -0.0647       
277           277           +0.3136       -0.1303       +0.1833       +0.1833       
278           278           +0.1962       -0.1265       +0.0697       +0.0697       
279           279           -0.1277       -0.0399       -0.1676       -0.1676       
280           280           +0.4349       -0.1107       +0.3242       +0.3242       
281           281           +0.0842       -0.0429       +0.0413       +0.0413       
282           282           +0.084        -0.0705       +0.0135       +0.0135       
283           283           +0.3143       -0.0964       +0.2179       +0.2179       
284           284           +0.4056       -0.0976       +0.308        +0.308        
285           285           +0.7326       -0.0866       +0.646        +0.646        
286           286           +0.3025       -0.0897       +0.2128       +0.2128       
287           287           +0.097        -0.0924       +0.0046       +0.0046       
288           288           +0.5695       -0.0968       +0.4727       +0.4727       
289           289           +0.1231       -0.0456       +0.0775       +0.0775       
290           290           +0.4713       -0.0924       +0.3789       +0.3789       
291           291           +0.3009       -0.0945       +0.2064       +0.2064       
292           292           +0.3419       -0.1071       +0.2348       +0.2348       
293           293           -0.0081       -0.0394       -0.0475       -0.0475       
294           294           +0.2179       -0.0161       +0.2018       +0.2018       
295           295           +0.1877       -0.0621       +0.1256       +0.1256       
296           296           +0.0071       -0.0254       -0.0183       -0.0183       
297           297           -0.0824       -0.073        -0.1554       -0.1554       
298           298           +0.2068       -0.1109       +0.0959       +0.0959       
299           299           +0.1446       -0.0613       +0.0833       +0.0833       
300           300           +0.2561       -0.1083       +0.1478       +0.1478       
301           301           +0.3753       -0.1089       +0.2664       +0.2664       
302           302           -0.1837       -0.0746       -0.2583       -0.2583       
303           303           +0.1874       -0.0869       +0.1005       +0.1005       
304           304           +0.0482       -0.0878       -0.0396       -0.0396       
305           305           +0.466        -0.1052       +0.3608       +0.3608       
306           306           +0.3243       -0.1302       +0.1941       +0.1941       
307           307           +0.0328       -0.0845       -0.0517       -0.0517       
308           308           +0.4628       -0.1132       +0.3496       +0.3496       
309           309           +0.0302       -0.0719       -0.0417       -0.0417       
310           310           +0.3364       -0.123        +0.2134       +0.2134       
311           311           +0.2857       -0.0791       +0.2066       +0.2066       
312           312           -0.0943       -0.1171       -0.2114       -0.2114       
313           313           +0.3128       -0.0947       +0.2181       +0.2181       
314           314           +0.2059       -0.0127       +0.1932       +0.1932       
315           315           -0.078        -0.0227       -0.1007       -0.1007       
316           316           +0.1681       -0.0068       +0.1613       +0.1613       
317           317           -0.1296       -0.0231       -0.1527       -0.1527       
318           318           -0.1493       -0.0466       -0.1959       -0.1959       
319           319           +0.1645       -0.0128       +0.1517       +0.1517       
320           320           +0.2008       -0.0114       +0.1894       +0.1894       
321           321           +0.0672       -0.0028       +0.0644       +0.0644       
322           322           +0.0027       -0.0688       -0.0661       -0.0661       
323           323           +0.0672       -0.009        +0.0582       +0.0582       
324           324           +0.2237       -0.0118       +0.2119       +0.2119       
325           325           +0.0446       -0.02         +0.0246       +0.0246       
326           326           -0.1735       -0.0366       -0.2101       -0.2101       
327           327           +0.2844       -0.0025       +0.2819       +0.2819       
328           328           +0.1687       -0.0126       +0.1561       +0.1561       
329           329           +0.1986       -0.0127       +0.1859       +0.1859       
330           330           +0.2408       -0.0081       +0.2327       +0.2327       
331           331           +0.2718       -0.0175       +0.2543       +0.2543       
332           332           -0.1165       -0.0209       -0.1374       -0.1374       
333           333           -0.2045       -0.0439       -0.2484       -0.2484       
334           334           +0.2707       -0.0057       +0.265        +0.265        
335           335           +0.1407       -0.0179       +0.1228       +0.1228       
336           336           +0.0081       -0.0164       -0.0083       -0.0083       
337           337           -0.0492       -0.0001       -0.0493       -0.0493       
338           338           +0.1414       -0.006        +0.1354       +0.1354       
339           339           +0.1442       -0.0173       +0.1269       +0.1269       
