Frame         Time          Elec          VdW           Nonbond       Total         
0             0             -0.1406       -0.0003       -0.1409       -0.1409       
1             1             +0.0093       -0            +0.0093       +0.0093       
2             2             -0.7504       -0.0062       -0.7566       -0.7566       
3             3             +0.7207       -0.0018       +0.7189       +0.7189       
4             4             -0.037        -0            -0.037        -0.037        
5             5             -0.0135       -0            -0.0135       -0.0135       
6             6             +0.0011       -0            +0.0011       +0.0011       
7             7             +0            +0            +0            +0            
8             8             +0            +0            +0            +0            
9             9             +0            +0            +0            +0            
10            10            +0            +0            +0            +0            
11            11            +0            +0            +0            +0            
12            12            +0            +0            +0            +0            
13            13            +0            +0            +0            +0            
14            14            +0            +0            +0            +0            
15            15            +0            +0            +0            +0            
16            16            +0            +0            +0            +0            
17            17            +0            +0            +0            +0            
18            18            +0            +0            +0            +0            
19            19            +0            +0            +0            +0            
20            20            +0            +0            +0            +0            
21            21            +0            +0            +0            +0            
22            22            +0            +0            +0            +0            
23            23            +0            +0            +0            +0            
24            24            +0            +0            +0            +0            
25            25            +0            +0            +0            +0            
26            26            +0            +0            +0            +0            
27            27            +0            +0            +0            +0            
28            28            +0            +0            +0            +0            
29            29            +0            +0            +0            +0            
30            30            +0            +0            +0            +0            
31            31            +0            +0            +0            +0            
32            32            +0            +0            +0            +0            
33            33            +0            +0            +0            +0            
34            34            +0            +0            +0            +0            
35            35            +0            +0            +0            +0            
36            36            +0            +0            +0            +0            
37            37            +0            +0            +0            +0            
38            38            +0            +0            +0            +0            
39            39            +0            +0            +0            +0            
40            40            +0            +0            +0            +0            
41            41            +0            +0            +0            +0            
42            42            +0            +0            +0            +0            
43            43            +0            +0            +0            +0            
44            44            +0            +0            +0            +0            
45            45            +0            +0            +0            +0            
46            46            +0            +0            +0            +0            
47            47            +0            +0            +0            +0            
48            48            +0            +0            +0            +0            
49            49            +0            +0            +0            +0            
50            50            +0            +0            +0            +0            
51            51            +0            +0            +0            +0            
52            52            +0            +0            +0            +0            
53            53            +0            +0            +0            +0            
54            54            +0            +0            +0            +0            
55            55            +0            +0            +0            +0            
56            56            +0            +0            +0            +0            
57            57            +0            +0            +0            +0            
58            58            +0            +0            +0            +0            
59            59            +0.0508       -0.0001       +0.0507       +0.0507       
60            60            +0.0391       -0.0002       +0.0389       +0.0389       
61            61            +0.2227       -0.0001       +0.2226       +0.2226       
62            62            +0.0544       -0.0004       +0.054        +0.054        
63            63            +0.031        -0            +0.031        +0.031        
64            64            +0.0213       -0            +0.0213       +0.0213       
65            65            +0.0153       -0            +0.0153       +0.0153       
66            66            +0.0101       -0            +0.0101       +0.0101       
67            67            +0.0358       -0            +0.0358       +0.0358       
68            68            +0.001        -0            +0.001        +0.001        
69            69            +0.012        -0.0008       +0.0112       +0.0112       
70            70            +0.009        -0.001        +0.008        +0.008        
71            71            -0.0155       -0.0004       -0.0159       -0.0159       
72            72            -0.0273       -0.0005       -0.0278       -0.0278       
73            73            -0.0084       -0.0013       -0.0097       -0.0097       
74            74            -0.1068       -0.0047       -0.1115       -0.1115       
75            75            -0.0944       -0.0012       -0.0956       -0.0956       
76            76            -0.1178       -0.0048       -0.1226       -0.1226       
77            77            +0.0603       -0.0004       +0.0599       +0.0599       
78            78            +0.0564       -0.0001       +0.0563       +0.0563       
79            79            -0.0229       -0.0023       -0.0252       -0.0252       
80            80            -0.0093       -0.0041       -0.0134       -0.0134       
81            81            +0.0036       -0.001        +0.0026       +0.0026       
82            82            +0.0321       -0.0002       +0.0319       +0.0319       
83            83            -0.0476       -0.001        -0.0486       -0.0486       
84            84            +0.0834       -0.0001       +0.0833       +0.0833       
85            85            +0.0731       -0.0002       +0.0729       +0.0729       
86            86            -0.0045       -0.0017       -0.0062       -0.0062       
87            87            -0            -0.0007       -0.0007       -0.0007       
88            88            -0.022        -0.0005       -0.0225       -0.0225       
89            89            +0.0597       -0.0005       +0.0592       +0.0592       
90            90            +0.0012       -0.0003       +0.0009       +0.0009       
91            91            +0.0127       -0.0006       +0.0121       +0.0121       
92            92            +0.0378       -0.0003       +0.0375       +0.0375       
93            93            -0.0685       -0.0014       -0.0699       -0.0699       
94            94            +0.0522       -0.0001       +0.0521       +0.0521       
95            95            -0.0726       -0.0016       -0.0742       -0.0742       
96            96            -0.0309       -0.0003       -0.0312       -0.0312       
97            97            +0.0559       -0.0002       +0.0557       +0.0557       
98            98            -0.2747       -0.001        -0.2757       -0.2757       
99            99            -0.0426       -0.0033       -0.0459       -0.0459       
100           100           +0.1063       -0.0003       +0.106        +0.106        
101           101           -0.0032       -0.0022       -0.0054       -0.0054       
102           102           +0.0623       -0.0016       +0.0607       +0.0607       
103           103           -0.2508       -0.0065       -0.2573       -0.2573       
104           104           +0.0744       -0.001        +0.0734       +0.0734       
105           105           -0.1698       -0.0013       -0.1711       -0.1711       
106           106           +0.0337       -0.0023       +0.0314       +0.0314       
107           107           +0.0676       -0.0003       +0.0673       +0.0673       
108           108           +0.0382       -0            +0.0382       +0.0382       
109           109           +0.032        -0.0017       +0.0303       +0.0303       
110           110           +0.0099       -0.0019       +0.008        +0.008        
111           111           -0.0226       -0.0014       -0.024        -0.024        
112           112           -0.0109       -0.0017       -0.0126       -0.0126       
113           113           +0.1775       -0.0004       +0.1771       +0.1771       
114           114           -0.1169       -0.0046       -0.1215       -0.1215       
115           115           +0.6391       -0.0101       +0.629        +0.629        
116           116           -0.0227       -0.0007       -0.0234       -0.0234       
117           117           -0.1227       -0.0022       -0.1249       -0.1249       
118           118           -0.2258       -0.0087       -0.2345       -0.2345       
119           119           -0.0583       -0.0032       -0.0615       -0.0615       
120           120           -0.1449       -0.0029       -0.1478       -0.1478       
121           121           -0.0899       -0.0049       -0.0948       -0.0948       
122           122           -0.2075       -0.0031       -0.2106       -0.2106       
123           123           -0.3654       -0.0022       -0.3676       -0.3676       
124           124           +0.1952       -0.0053       +0.1899       +0.1899       
125           125           -0.0636       -0.0007       -0.0643       -0.0643       
126           126           -0.0373       -0.001        -0.0383       -0.0383       
127           127           -0.0154       -0.0014       -0.0168       -0.0168       
128           128           -0.0119       -0.0007       -0.0126       -0.0126       
129           129           +0.0179       -0.0002       +0.0177       +0.0177       
130           130           +0.0381       -0.0004       +0.0377       +0.0377       
131           131           -0.0161       -0.0009       -0.017        -0.017        
132           132           -0.0545       -0.0062       -0.0607       -0.0607       
133           133           +0.0568       -0.0002       +0.0566       +0.0566       
134           134           +0.0169       -0.0011       +0.0158       +0.0158       
135           135           -0.1128       -0.0007       -0.1135       -0.1135       
136           136           -0.0267       -0.0011       -0.0278       -0.0278       
137           137           +0.0679       -0.0043       +0.0636       +0.0636       
138           138           -0.0407       -0.0011       -0.0418       -0.0418       
139           139           +0.0157       -0            +0.0157       +0.0157       
140           140           -0.1375       -0.0004       -0.1379       -0.1379       
141           141           -0.1537       -0.0008       -0.1545       -0.1545       
142           142           -0.003        -0.0007       -0.0037       -0.0037       
143           143           -0.2145       -0.0056       -0.2201       -0.2201       
144           144           -0.0014       -0            -0.0014       -0.0014       
145           145           -0.1829       -0.0049       -0.1878       -0.1878       
146           146           -0.0167       -0.0005       -0.0172       -0.0172       
147           147           +0.0534       -0.0013       +0.0521       +0.0521       
148           148           -0.2134       -0.0047       -0.2181       -0.2181       
149           149           +0.0679       -0.0005       +0.0674       +0.0674       
150           150           +0.0673       -0.0018       +0.0655       +0.0655       
151           151           -0.213        -0.0044       -0.2174       -0.2174       
152           152           +0.0692       -0.001        +0.0682       +0.0682       
153           153           -0.9733       -0.0144       -0.9877       -0.9877       
154           154           -0.0693       -0.0015       -0.0708       -0.0708       
155           155           +0.0297       -0.0001       +0.0296       +0.0296       
156           156           -0.1727       -0.0019       -0.1746       -0.1746       
157           157           +0.022        -0.0017       +0.0203       +0.0203       
158           158           -0.6671       -0.0151       -0.6822       -0.6822       
159           159           +0.0652       -0.0003       +0.0649       +0.0649       
160           160           +0.0119       -0.0006       +0.0113       +0.0113       
161           161           +0.0149       -0.0006       +0.0143       +0.0143       
162           162           +0.0519       -0.0042       +0.0477       +0.0477       
163           163           -0.0658       -0.0014       -0.0672       -0.0672       
164           164           -0.0012       -0.0004       -0.0016       -0.0016       
165           165           -0.0701       -0.0009       -0.071        -0.071        
166           166           +0.0495       -0            +0.0495       +0.0495       
167           167           +0.0606       -0.0002       +0.0604       +0.0604       
168           168           -0.0311       -0.0022       -0.0333       -0.0333       
169           169           -0.1365       -0.0014       -0.1379       -0.1379       
170           170           -0.1961       -0.0032       -0.1993       -0.1993       
171           171           -0.0761       -0.0011       -0.0772       -0.0772       
172           172           -0.023        -0.002        -0.025        -0.025        
173           173           -0.5862       -0.0047       -0.5909       -0.5909       
174           174           -0.0684       -0.0003       -0.0687       -0.0687       
175           175           +0.0169       -0.0006       +0.0163       +0.0163       
176           176           +0.0357       -0.0006       +0.0351       +0.0351       
177           177           -0.1099       -0.0035       -0.1134       -0.1134       
178           178           -0.255        -0.0066       -0.2616       -0.2616       
179           179           -0.1589       -0.0017       -0.1606       -0.1606       
180           180           -0.0918       -0.0018       -0.0936       -0.0936       
181           181           -0.3902       -0.0049       -0.3951       -0.3951       
182           182           -0.021        -0.0014       -0.0224       -0.0224       
183           183           -0.0709       -0.0012       -0.0721       -0.0721       
184           184           -0.0233       -0.001        -0.0243       -0.0243       
185           185           -0.044        -0.0025       -0.0465       -0.0465       
186           186           -0.2217       -0.0021       -0.2238       -0.2238       
187           187           -0.0986       -0.0016       -0.1002       -0.1002       
188           188           -0.0041       -0.0006       -0.0047       -0.0047       
189           189           -0.1164       -0.0034       -0.1198       -0.1198       
190           190           -0.0167       -0.0012       -0.0179       -0.0179       
191           191           -0.2418       -0.0028       -0.2446       -0.2446       
192           192           -0.0866       -0.0017       -0.0883       -0.0883       
193           193           +0.0323       -0.0009       +0.0314       +0.0314       
194           194           +0.0128       -0.0003       +0.0125       +0.0125       
195           195           -0.0818       -0.0007       -0.0825       -0.0825       
196           196           -0.0659       -0.0008       -0.0667       -0.0667       
197           197           -0.1418       -0.0027       -0.1445       -0.1445       
198           198           +0.0373       -0            +0.0373       +0.0373       
199           199           -0.1256       -0.0013       -0.1269       -0.1269       
200           200           -0.1549       -0.0013       -0.1562       -0.1562       
201           201           -0.3418       -0.0034       -0.3452       -0.3452       
202           202           -0.0877       -0.0014       -0.0891       -0.0891       
203           203           -0.0136       -0.0006       -0.0142       -0.0142       
204           204           -0.4306       -0.007        -0.4376       -0.4376       
205           205           -0.1172       -0.0025       -0.1197       -0.1197       
206           206           -0.3621       -0.0028       -0.3649       -0.3649       
207           207           -0.4487       -0.0037       -0.4524       -0.4524       
208           208           -0.1186       -0.004        -0.1226       -0.1226       
209           209           -0.1054       -0.0023       -0.1077       -0.1077       
210           210           +0.0065       -0.0017       +0.0048       +0.0048       
211           211           -0.1213       -0.0005       -0.1218       -0.1218       
212           212           +0.0445       -0.0008       +0.0437       +0.0437       
213           213           -0.0898       -0.0016       -0.0914       -0.0914       
214           214           +0.013        -0.0013       +0.0117       +0.0117       
215           215           +0.0588       -0            +0.0588       +0.0588       
216           216           +0.0444       -0.0002       +0.0442       +0.0442       
217           217           -0.1539       -0.0042       -0.1581       -0.1581       
218           218           +0.0088       -0.0023       +0.0065       +0.0065       
219           219           +0.0612       -0.0002       +0.061        +0.061        
220           220           +0.0828       -0.005        +0.0778       +0.0778       
221           221           +0.057        -0.0041       +0.0529       +0.0529       
222           222           -0.1385       -0.0019       -0.1404       -0.1404       
223           223           -0.0595       -0.0003       -0.0598       -0.0598       
224           224           +0.0236       -0.003        +0.0206       +0.0206       
225           225           -0.024        -0.0025       -0.0265       -0.0265       
226           226           +0.0238       -0.0015       +0.0223       +0.0223       
227           227           +0.0458       -0.0003       +0.0455       +0.0455       
228           228           -0.3015       -0.0033       -0.3048       -0.3048       
229           229           -0.1142       -0.0017       -0.1159       -0.1159       
230           230           -0.4845       -0.005        -0.4895       -0.4895       
231           231           -0.0899       -0.0008       -0.0907       -0.0907       
232           232           -0.1356       -0.0035       -0.1391       -0.1391       
233           233           -0.6426       -0.0074       -0.65         -0.65         
234           234           -0.6411       -0.0027       -0.6438       -0.6438       
235           235           -0.0668       -0.0004       -0.0672       -0.0672       
236           236           -0.3133       -0.0029       -0.3162       -0.3162       
237           237           -0.0694       -0.0019       -0.0713       -0.0713       
238           238           -0.162        -0.0025       -0.1645       -0.1645       
239           239           -0.1038       -0.0012       -0.105        -0.105        
240           240           +0.0713       -0.0002       +0.0711       +0.0711       
241           241           -0.1007       -0.0003       -0.101        -0.101        
242           242           +0.0006       -0.0005       +0.0001       +0.0001       
243           243           -0.1555       -0.0016       -0.1571       -0.1571       
244           244           -0.1974       -0.0009       -0.1983       -0.1983       
245           245           -0.0392       -0.0003       -0.0395       -0.0395       
246           246           -0.4807       -0.0032       -0.4839       -0.4839       
247           247           -0.0094       -0.0019       -0.0113       -0.0113       
248           248           -0.005        -0.0015       -0.0065       -0.0065       
249           249           +0.0444       -0.0005       +0.0439       +0.0439       
250           250           -0.1596       -0.0003       -0.1599       -0.1599       
251           251           -0.5301       -0.0047       -0.5348       -0.5348       
252           252           +0.0214       -0.0004       +0.021        +0.021        
253           253           -0.1571       -0.004        -0.1611       -0.1611       
254           254           -0.1276       -0.001        -0.1286       -0.1286       
255           255           -0.2518       -0.0021       -0.2539       -0.2539       
256           256           -0.0219       -0.0009       -0.0228       -0.0228       
257           257           -0.2718       -0.0023       -0.2741       -0.2741       
258           258           -0.2045       -0.0027       -0.2072       -0.2072       
259           259           -0.2256       -0.0011       -0.2267       -0.2267       
260           260           -0.3103       -0.0009       -0.3112       -0.3112       
261           261           +0.0229       -0.0001       +0.0228       +0.0228       
262           262           -0.1061       -0.0003       -0.1064       -0.1064       
263           263           -0.2181       -0.0016       -0.2197       -0.2197       
264           264           -0.5494       -0.0017       -0.5511       -0.5511       
265           265           -0.0949       -0.0007       -0.0956       -0.0956       
266           266           -0.3971       -0.0022       -0.3993       -0.3993       
267           267           -0.2025       -0.0009       -0.2034       -0.2034       
268           268           -0.3072       -0.0042       -0.3114       -0.3114       
269           269           -0.046        -0.0055       -0.0515       -0.0515       
270           270           -0.263        -0.0041       -0.2671       -0.2671       
271           271           -0.1011       -0.0018       -0.1029       -0.1029       
272           272           -0.0388       -0.0011       -0.0399       -0.0399       
273           273           -0.2978       -0.0024       -0.3002       -0.3002       
274           274           -0.0843       -0.0002       -0.0845       -0.0845       
275           275           -0.117        -0.001        -0.118        -0.118        
276           276           -0.3027       -0.0016       -0.3043       -0.3043       
277           277           -1.0419       -0.0073       -1.0492       -1.0492       
278           278           -0.2356       -0.0031       -0.2387       -0.2387       
279           279           +0.0629       -0.0002       +0.0627       +0.0627       
280           280           -0.1852       -0.001        -0.1862       -0.1862       
281           281           -0.2854       -0.0018       -0.2872       -0.2872       
282           282           -0.0575       -0.0008       -0.0583       -0.0583       
283           283           -0.1381       -0.0025       -0.1406       -0.1406       
284           284           +0.037        -0.0003       +0.0367       +0.0367       
285           285           -0.0096       -0.0009       -0.0105       -0.0105       
286           286           -0.1573       -0.0022       -0.1595       -0.1595       
287           287           -0.2846       -0.0019       -0.2865       -0.2865       
288           288           -0.2909       -0.0029       -0.2938       -0.2938       
289           289           -0.1415       -0.0015       -0.143        -0.143        
290           290           -0.4791       -0.0043       -0.4834       -0.4834       
291           291           -0.488        -0.0035       -0.4915       -0.4915       
292           292           -0.0329       -0.0014       -0.0343       -0.0343       
293           293           -0.2672       -0.0019       -0.2691       -0.2691       
294           294           -0.0526       -0.0002       -0.0528       -0.0528       
295           295           -0.1604       -0.0018       -0.1622       -0.1622       
296           296           -0.2315       -0.0011       -0.2326       -0.2326       
297           297           -0.1314       -0.001        -0.1324       -0.1324       
298           298           -0.2426       -0.0033       -0.2459       -0.2459       
299           299           -0.0623       -0.001        -0.0633       -0.0633       
300           300           +0.0425       -0.0006       +0.0419       +0.0419       
301           301           -0.1269       -0.006        -0.1329       -0.1329       
302           302           -0.0336       -0.0007       -0.0343       -0.0343       
303           303           -0.0232       -0.0001       -0.0233       -0.0233       
304           304           -0.2613       -0.0013       -0.2626       -0.2626       
305           305           -0.0151       -0.0014       -0.0165       -0.0165       
306           306           -0.08         -0.0004       -0.0804       -0.0804       
307           307           -0.5437       -0.003        -0.5467       -0.5467       
308           308           +0.3104       -0.0019       +0.3085       +0.3085       
309           309           -0.1809       -0.0031       -0.184        -0.184        
310           310           -0.0522       -0.0005       -0.0527       -0.0527       
311           311           -0.145        -0.0017       -0.1467       -0.1467       
312           312           -0.7737       -0.0068       -0.7805       -0.7805       
313           313           -0.3566       -0.0129       -0.3695       -0.3695       
314           314           -0.1498       -0.004        -0.1538       -0.1538       
315           315           -0.7688       -0.0034       -0.7722       -0.7722       
316           316           -0.123        -0.0004       -0.1234       -0.1234       
317           317           -0.3209       -0.0043       -0.3252       -0.3252       
318           318           -0.6315       -0.0054       -0.6369       -0.6369       
319           319           -0.0679       -0.0009       -0.0688       -0.0688       
320           320           -0.0568       -0.0042       -0.061        -0.061        
321           321           -0.8165       -0.0075       -0.824        -0.824        
322           322           -2.7543       -0.0309       -2.7852       -2.7852       
323           323           +0.252        -0.0122       +0.2398       +0.2398       
324           324           -0.4243       -0.0014       -0.4257       -0.4257       
325           325           -0.7629       -0.0022       -0.7651       -0.7651       
326           326           -1.5651       -0.0105       -1.5756       -1.5756       
327           327           -0.4566       -0.001        -0.4576       -0.4576       
328           328           +0.0618       -0.0007       +0.0611       +0.0611       
329           329           +0.069        -0.0004       +0.0686       +0.0686       
330           330           -0.0763       -0.0086       -0.0849       -0.0849       
331           331           -0.5455       -0.0026       -0.5481       -0.5481       
332           332           -2.1939       -0.0495       -2.2434       -2.2434       
333           333           -2.3259       -0.0358       -2.3617       -2.3617       
334           334           -2.8578       -0.0606       -2.9184       -2.9184       
335           335           -3.0552       -0.0655       -3.1207       -3.1207       
336           336           -2.4528       -0.0637       -2.5165       -2.5165       
337           337           +0.0404       -0.011        +0.0294       +0.0294       
338           338           -0.0047       -0.0134       -0.0181       -0.0181       
339           339           -0.4118       -0.0166       -0.4284       -0.4284       
