Frame         Time          Elec          VdW           Nonbond       Total         
0             0             +0            +0            +0            +0            
1             1             +0            +0            +0            +0            
2             2             +0            +0            +0            +0            
3             3             -0.1692       -0.0073       -0.1765       -0.1765       
4             4             +0.5218       -0.0162       +0.5056       +0.5056       
5             5             -0.3026       -0.0078       -0.3104       -0.3104       
6             6             +0.3737       -0.005        +0.3687       +0.3687       
7             7             +0.0058       -0.0183       -0.0125       -0.0125       
8             8             +0.1083       -0.0112       +0.0971       +0.0971       
9             9             +0            +0            +0            +0            
10            10            +0.3213       -0.0279       +0.2934       +0.2934       
11            11            +0            +0            +0            +0            
12            12            +0            +0            +0            +0            
13            13            -0.0189       -0.0001       -0.019        -0.019        
14            14            -0.06         -0.0004       -0.0604       -0.0604       
15            15            +0            +0            +0            +0            
16            16            +0            +0            +0            +0            
17            17            +0            +0            +0            +0            
18            18            +0            +0            +0            +0            
19            19            +0            +0            +0            +0            
20            20            +0            +0            +0            +0            
21            21            +0            +0            +0            +0            
22            22            +0            +0            +0            +0            
23            23            +0            +0            +0            +0            
24            24            +0            +0            +0            +0            
25            25            +0.0568       -0.0001       +0.0567       +0.0567       
26            26            +0            +0            +0            +0            
27            27            +0            +0            +0            +0            
28            28            +0            +0            +0            +0            
29            29            +0            +0            +0            +0            
30            30            +0            +0            +0            +0            
31            31            +0            +0            +0            +0            
32            32            +0            +0            +0            +0            
33            33            +0            +0            +0            +0            
34            34            +0            +0            +0            +0            
35            35            +0            +0            +0            +0            
36            36            +0            +0            +0            +0            
37            37            +0            +0            +0            +0            
38            38            +0            +0            +0            +0            
39            39            +0            +0            +0            +0            
40            40            +0            +0            +0            +0            
41            41            +0            +0            +0            +0            
42            42            +0            +0            +0            +0            
43            43            +0            +0            +0            +0            
44            44            +0            +0            +0            +0            
45            45            +0            +0            +0            +0            
46            46            +0            +0            +0            +0            
47            47            +0            +0            +0            +0            
48            48            +0            +0            +0            +0            
49            49            +0            +0            +0            +0            
50            50            +0            +0            +0            +0            
51            51            +0            +0            +0            +0            
52            52            +0            +0            +0            +0            
53            53            +0            +0            +0            +0            
54            54            +0            +0            +0            +0            
55            55            +0            +0            +0            +0            
56            56            +0            +0            +0            +0            
57            57            +0            +0            +0            +0            
58            58            +0            +0            +0            +0            
59            59            +0            +0            +0            +0            
60            60            +0            +0            +0            +0            
61            61            +0            -0            +0            +0            
62            62            +0.0023       -0            +0.0023       +0.0023       
63            63            +0.0365       -0.0003       +0.0362       +0.0362       
64            64            +0            +0            +0            +0            
65            65            +0            +0            +0            +0            
66            66            +0            +0            +0            +0            
67            67            +0            +0            +0            +0            
68            68            -0.0909       -0.0045       -0.0954       -0.0954       
69            69            -0.0453       -0.0035       -0.0488       -0.0488       
70            70            -0.0271       -0.0044       -0.0315       -0.0315       
71            71            -0.0349       -0.0011       -0.036        -0.036        
72            72            -0.0577       -0.0035       -0.0612       -0.0612       
73            73            +0.0078       -0.0051       +0.0027       +0.0027       
74            74            -0.0332       -0.0009       -0.0341       -0.0341       
75            75            +0            +0            +0            +0            
76            76            -0.0468       -0.0017       -0.0485       -0.0485       
77            77            -0.0454       -0.0014       -0.0468       -0.0468       
78            78            -0.0026       -0            -0.0026       -0.0026       
79            79            -0.0144       -0            -0.0144       -0.0144       
80            80            +0            +0            +0            +0            
81            81            -0.0759       -0.0095       -0.0854       -0.0854       
82            82            -0.0481       -0.0076       -0.0557       -0.0557       
83            83            -0.0739       -0.0038       -0.0777       -0.0777       
84            84            -0.0625       -0.0276       -0.0901       -0.0901       
85            85            -0.0266       -0.0117       -0.0383       -0.0383       
86            86            +0.0189       -0.0227       -0.0038       -0.0038       
87            87            -0.1301       -0.0138       -0.1439       -0.1439       
88            88            -0.0596       -0.0191       -0.0787       -0.0787       
89            89            -0.0681       -0.0131       -0.0812       -0.0812       
90            90            -0.0591       -0.0118       -0.0709       -0.0709       
91            91            -0.041        -0.0158       -0.0568       -0.0568       
92            92            -0.0808       -0.0163       -0.0971       -0.0971       
93            93            -0.0321       -0.0237       -0.0558       -0.0558       
94            94            -0.1005       -0.0067       -0.1072       -0.1072       
95            95            -0.0651       -0.0258       -0.0909       -0.0909       
96            96            -0.0417       -0.014        -0.0557       -0.0557       
97            97            -0.0591       -0.0152       -0.0743       -0.0743       
98            98            -0.0323       -0.0184       -0.0507       -0.0507       
99            99            -0.0084       -0.0156       -0.024        -0.024        
100           100           -0.0625       -0.0089       -0.0714       -0.0714       
101           101           -0.0246       -0.016        -0.0406       -0.0406       
102           102           -0.0631       -0.0074       -0.0705       -0.0705       
103           103           -0.029        -0.0219       -0.0509       -0.0509       
104           104           -0.0285       -0.0128       -0.0413       -0.0413       
105           105           -0.0243       -0.0162       -0.0405       -0.0405       
106           106           -0.0403       -0.0169       -0.0572       -0.0572       
107           107           -0.1552       -0.017        -0.1722       -0.1722       
108           108           -0.0642       -0.0188       -0.083        -0.083        
109           109           -0.0731       -0.0128       -0.0859       -0.0859       
110           110           -0.073        -0.0213       -0.0943       -0.0943       
111           111           -0.0067       -0.0161       -0.0228       -0.0228       
112           112           -0.0554       -0.0028       -0.0582       -0.0582       
113           113           -0.0441       -0.0103       -0.0544       -0.0544       
114           114           -0.0541       -0.0069       -0.061        -0.061        
115           115           -0.046        -0.004        -0.05         -0.05         
116           116           -0.0828       -0.007        -0.0898       -0.0898       
117           117           -0.0236       -0.0086       -0.0322       -0.0322       
118           118           +0.0096       -0.0163       -0.0067       -0.0067       
119           119           -0.0148       -0.0161       -0.0309       -0.0309       
120           120           -0.0356       -0.0157       -0.0513       -0.0513       
121           121           -0.1144       -0.0177       -0.1321       -0.1321       
122           122           -0.0451       -0.017        -0.0621       -0.0621       
123           123           +0.0192       -0.0105       +0.0087       +0.0087       
124           124           -0.046        -0.0172       -0.0632       -0.0632       
125           125           -0.0212       -0.0166       -0.0378       -0.0378       
126           126           -0.0333       -0.0087       -0.042        -0.042        
127           127           -0.0521       -0.0131       -0.0652       -0.0652       
128           128           -0.0589       -0.0083       -0.0672       -0.0672       
129           129           -0.0451       -0.0145       -0.0596       -0.0596       
130           130           -0.0749       -0.0152       -0.0901       -0.0901       
131           131           -0.0122       -0.0172       -0.0294       -0.0294       
132           132           -0.0548       -0.0165       -0.0713       -0.0713       
133           133           -0.0721       -0.0051       -0.0772       -0.0772       
134           134           -0.0469       -0.0116       -0.0585       -0.0585       
135           135           -0.0222       -0.0119       -0.0341       -0.0341       
136           136           -0.026        -0.0234       -0.0494       -0.0494       
137           137           -0.0446       -0.0245       -0.0691       -0.0691       
138           138           -0.072        -0.0071       -0.0791       -0.0791       
139           139           -0.0389       -0.0101       -0.049        -0.049        
140           140           -0.065        -0.0078       -0.0728       -0.0728       
141           141           -0.1479       -0.0099       -0.1578       -0.1578       
142           142           -0.0709       -0.0074       -0.0783       -0.0783       
143           143           -0.1009       -0.0045       -0.1054       -0.1054       
144           144           -0.0852       -0.0037       -0.0889       -0.0889       
145           145           -0.119        -0.0058       -0.1248       -0.1248       
146           146           -0.1046       -0.0084       -0.113        -0.113        
147           147           -0.0809       -0.0061       -0.087        -0.087        
148           148           -0.0545       -0.0084       -0.0629       -0.0629       
149           149           -0.0402       -0.0122       -0.0524       -0.0524       
150           150           -0.0528       -0.0085       -0.0613       -0.0613       
151           151           -0.0744       -0.0041       -0.0785       -0.0785       
152           152           -0.0551       -0.0076       -0.0627       -0.0627       
153           153           -0.0581       -0.0112       -0.0693       -0.0693       
154           154           +0.0061       -0.0133       -0.0072       -0.0072       
155           155           +0.055        -0.0139       +0.0411       +0.0411       
156           156           +0.0337       -0.0091       +0.0246       +0.0246       
157           157           +0.0413       -0.01         +0.0313       +0.0313       
158           158           +0.1638       -0.009        +0.1548       +0.1548       
159           159           -0.0009       -0.0143       -0.0152       -0.0152       
160           160           +0.0559       -0.0096       +0.0463       +0.0463       
161           161           -0.0197       -0.0073       -0.027        -0.027        
162           162           +0.0279       -0.0103       +0.0176       +0.0176       
163           163           -0.0126       -0.0074       -0.02         -0.02         
164           164           -0.0651       -0.0054       -0.0705       -0.0705       
165           165           -0.0663       -0.0086       -0.0749       -0.0749       
166           166           +0.019        -0.009        +0.01         +0.01         
167           167           -0.0265       -0.0119       -0.0384       -0.0384       
168           168           -0.0611       -0.0129       -0.074        -0.074        
169           169           -0.0598       -0.0109       -0.0707       -0.0707       
170           170           -0.0473       -0.0139       -0.0612       -0.0612       
171           171           -0.1002       -0.0075       -0.1077       -0.1077       
172           172           -0.0643       -0.0018       -0.0661       -0.0661       
173           173           -0.0455       -0.0182       -0.0637       -0.0637       
174           174           -0.1674       -0.0129       -0.1803       -0.1803       
175           175           -0.0367       -0.0145       -0.0512       -0.0512       
176           176           +0.0282       -0.013        +0.0152       +0.0152       
177           177           -0.107        -0.0079       -0.1149       -0.1149       
178           178           -0.0571       -0.005        -0.0621       -0.0621       
179           179           +0.0184       -0.0097       +0.0087       +0.0087       
180           180           +0.2238       -0.0132       +0.2106       +0.2106       
181           181           +0.0614       -0.0034       +0.058        +0.058        
182           182           -0.0038       -0.0048       -0.0086       -0.0086       
183           183           -0.0442       -0.0006       -0.0448       -0.0448       
184           184           -0.0518       -0.0018       -0.0536       -0.0536       
185           185           +0.1444       -0.007        +0.1374       +0.1374       
186           186           -0.109        -0.0246       -0.1336       -0.1336       
187           187           -0.1831       -0.0137       -0.1968       -0.1968       
188           188           -0.2302       -0.0235       -0.2537       -0.2537       
189           189           -0.1477       -0.0258       -0.1735       -0.1735       
190           190           -0.0492       -0.0279       -0.0771       -0.0771       
191           191           -0.1428       -0.0183       -0.1611       -0.1611       
192           192           -0.1135       -0.0185       -0.132        -0.132        
193           193           -0.1241       -0.0181       -0.1422       -0.1422       
194           194           -0.0628       -0.0222       -0.085        -0.085        
195           195           -0.1178       -0.0206       -0.1384       -0.1384       
196           196           -0.1218       -0.0235       -0.1453       -0.1453       
197           197           -0.1201       -0.0227       -0.1428       -0.1428       
198           198           -0.0248       -0.0143       -0.0391       -0.0391       
199           199           -0.0652       -0.0242       -0.0894       -0.0894       
200           200           +0.0086       -0.0305       -0.0219       -0.0219       
201           201           -0.0517       -0.0176       -0.0693       -0.0693       
202           202           -0.0933       -0.0319       -0.1252       -0.1252       
203           203           -0.1863       -0.0252       -0.2115       -0.2115       
204           204           -0.1009       -0.0214       -0.1223       -0.1223       
205           205           -0.16         -0.0089       -0.1689       -0.1689       
206           206           -0.114        -0.0264       -0.1404       -0.1404       
207           207           -0.1164       -0.014        -0.1304       -0.1304       
208           208           -0.1765       -0.0235       -0.2          -0.2          
209           209           -0.099        -0.0228       -0.1218       -0.1218       
210           210           -0.1171       -0.0148       -0.1319       -0.1319       
211           211           -0.1226       -0.0167       -0.1393       -0.1393       
212           212           -0.0245       -0.0281       -0.0526       -0.0526       
213           213           -0.1091       -0.0251       -0.1342       -0.1342       
214           214           -0.0253       -0.0072       -0.0325       -0.0325       
215           215           -0.0717       -0.0062       -0.0779       -0.0779       
216           216           -0.2003       -0.0251       -0.2254       -0.2254       
217           217           -0.1527       -0.0173       -0.17         -0.17         
218           218           -0.0873       -0.0164       -0.1037       -0.1037       
219           219           -0.1938       -0.0205       -0.2143       -0.2143       
220           220           +0.0114       -0.0176       -0.0062       -0.0062       
221           221           -0.0962       -0.0233       -0.1195       -0.1195       
222           222           -0.0452       -0.0297       -0.0749       -0.0749       
223           223           -0.0477       -0.0077       -0.0554       -0.0554       
224           224           -0.1241       -0.0241       -0.1482       -0.1482       
225           225           -0.0751       -0.0108       -0.0859       -0.0859       
226           226           -0.0255       -0.013        -0.0385       -0.0385       
227           227           -0.0384       -0.0169       -0.0553       -0.0553       
228           228           -0.0064       -0.0096       -0.016        -0.016        
229           229           -0.0543       -0.012        -0.0663       -0.0663       
230           230           -0.0172       -0.0113       -0.0285       -0.0285       
231           231           -0.1085       -0.018        -0.1265       -0.1265       
232           232           -0.0268       -0.0131       -0.0399       -0.0399       
233           233           -0.072        -0.0054       -0.0774       -0.0774       
234           234           -0.0663       -0.0068       -0.0731       -0.0731       
235           235           -0.0722       -0.0057       -0.0779       -0.0779       
236           236           -0.0679       -0.0054       -0.0733       -0.0733       
237           237           -0.2062       -0.0163       -0.2225       -0.2225       
238           238           -0.1505       -0.0142       -0.1647       -0.1647       
239           239           -0.0501       -0.0082       -0.0583       -0.0583       
240           240           -0.0725       -0.008        -0.0805       -0.0805       
241           241           -0.1401       -0.0086       -0.1487       -0.1487       
242           242           -0.0545       -0.0097       -0.0642       -0.0642       
243           243           -0.0258       -0.0154       -0.0412       -0.0412       
244           244           -0.1314       -0.0217       -0.1531       -0.1531       
245           245           -0.0996       -0.0363       -0.1359       -0.1359       
246           246           -0.0446       -0.0095       -0.0541       -0.0541       
247           247           -0.0907       -0.0161       -0.1068       -0.1068       
248           248           -0.0473       -0.0196       -0.0669       -0.0669       
249           249           -0.1127       -0.0178       -0.1305       -0.1305       
250           250           -0.1311       -0.0102       -0.1413       -0.1413       
251           251           -0.1586       -0.0153       -0.1739       -0.1739       
252           252           -0.0581       -0.0111       -0.0692       -0.0692       
253           253           -0.109        -0.0189       -0.1279       -0.1279       
254           254           -0.1556       -0.0148       -0.1704       -0.1704       
255           255           -0.1228       -0.0177       -0.1405       -0.1405       
256           256           -0.1742       -0.0186       -0.1928       -0.1928       
257           257           -0.0479       -0.0222       -0.0701       -0.0701       
258           258           -0.1438       -0.0144       -0.1582       -0.1582       
259           259           -0.1143       -0.0169       -0.1312       -0.1312       
260           260           -0.1457       -0.0227       -0.1684       -0.1684       
261           261           -0.1214       -0.017        -0.1384       -0.1384       
262           262           -0.1158       -0.0335       -0.1493       -0.1493       
263           263           -0.1552       -0.0219       -0.1771       -0.1771       
264           264           -0.1372       -0.029        -0.1662       -0.1662       
265           265           -0.2179       -0.0295       -0.2474       -0.2474       
266           266           -0.0971       -0.0168       -0.1139       -0.1139       
267           267           +0.0081       -0.0219       -0.0138       -0.0138       
268           268           -0.1026       -0.026        -0.1286       -0.1286       
269           269           -0.0536       -0.0246       -0.0782       -0.0782       
270           270           -0.1513       -0.0253       -0.1766       -0.1766       
271           271           -0.099        -0.0347       -0.1337       -0.1337       
272           272           -0.098        -0.0181       -0.1161       -0.1161       
273           273           -0.0868       -0.0124       -0.0992       -0.0992       
274           274           -0.2027       -0.0214       -0.2241       -0.2241       
275           275           -0.1468       -0.0258       -0.1726       -0.1726       
276           276           -0.1109       -0.0273       -0.1382       -0.1382       
277           277           -0.146        -0.0166       -0.1626       -0.1626       
278           278           -0.259        -0.025        -0.284        -0.284        
279           279           -0.1534       -0.0126       -0.166        -0.166        
280           280           -0.1542       -0.0268       -0.181        -0.181        
281           281           -0.0507       -0.0151       -0.0658       -0.0658       
282           282           -0.1632       -0.0129       -0.1761       -0.1761       
283           283           -0.1349       -0.0184       -0.1533       -0.1533       
284           284           -0.1437       -0.0221       -0.1658       -0.1658       
285           285           -0.1691       -0.0259       -0.195        -0.195        
286           286           -0.1283       -0.0188       -0.1471       -0.1471       
287           287           -0.06         -0.0215       -0.0815       -0.0815       
288           288           -0.0273       -0.012        -0.0393       -0.0393       
289           289           -0.0301       -0.0134       -0.0435       -0.0435       
290           290           -0.0637       -0.0098       -0.0735       -0.0735       
291           291           -0.1087       -0.0201       -0.1288       -0.1288       
292           292           -0.1041       -0.0255       -0.1296       -0.1296       
293           293           -0.1605       -0.0117       -0.1722       -0.1722       
294           294           -0.1091       -0.0212       -0.1303       -0.1303       
295           295           -0.1219       -0.0219       -0.1438       -0.1438       
296           296           -0.2352       -0.0528       -0.288        -0.288        
297           297           -0.0548       -0.0235       -0.0783       -0.0783       
298           298           -0.0531       -0.016        -0.0691       -0.0691       
299           299           -0.1987       -0.0392       -0.2379       -0.2379       
300           300           -0.1199       -0.0122       -0.1321       -0.1321       
301           301           -0.0922       -0.0086       -0.1008       -0.1008       
302           302           -0.1745       -0.0249       -0.1994       -0.1994       
303           303           -0.1167       -0.015        -0.1317       -0.1317       
304           304           -0.0992       -0.0197       -0.1189       -0.1189       
305           305           -0.1402       -0.0188       -0.159        -0.159        
306           306           -0.2236       -0.0179       -0.2415       -0.2415       
307           307           -0.1096       -0.0117       -0.1213       -0.1213       
308           308           -0.1409       -0.0089       -0.1498       -0.1498       
309           309           -0.1629       -0.0222       -0.1851       -0.1851       
310           310           -0.2311       -0.0235       -0.2546       -0.2546       
311           311           -0.0989       -0.0114       -0.1103       -0.1103       
312           312           -0.0731       -0.0071       -0.0802       -0.0802       
313           313           -0.0647       -0.0127       -0.0774       -0.0774       
314           314           -0.1267       -0.0131       -0.1398       -0.1398       
315           315           -0.0907       -0.0089       -0.0996       -0.0996       
316           316           -0.0891       -0.0114       -0.1005       -0.1005       
317           317           -0.0616       -0.0045       -0.0661       -0.0661       
318           318           -0.1071       -0.01         -0.1171       -0.1171       
319           319           -0.1668       -0.0234       -0.1902       -0.1902       
320           320           -0.0316       -0.0016       -0.0332       -0.0332       
321           321           -0.0774       -0.0026       -0.08         -0.08         
322           322           -0.037        -0.0028       -0.0398       -0.0398       
323           323           -0.0512       -0.0001       -0.0513       -0.0513       
324           324           +0            +0            +0            +0            
325           325           +0            +0            +0            +0            
326           326           +0            +0            +0            +0            
327           327           -0.0548       -0.0001       -0.0549       -0.0549       
328           328           -0.1195       -0.001        -0.1205       -0.1205       
329           329           -0.0517       -0.0011       -0.0528       -0.0528       
330           330           +0            +0            +0            +0            
331           331           -0.0357       -0            -0.0357       -0.0357       
332           332           +0            +0            +0            +0            
333           333           -0.0014       -0            -0.0014       -0.0014       
334           334           +0            +0            +0            +0            
335           335           +0            +0            +0            +0            
336           336           -0.0632       -0.0011       -0.0643       -0.0643       
337           337           +0            +0            +0            +0            
338           338           +0            +0            +0            +0            
339           339           -0.0156       -0            -0.0156       -0.0156       
