Frame         Time          Elec          VdW           Nonbond       Total         
0             0             +0            +0            +0            +0            
1             1             +0            +0            +0            +0            
2             2             +0            +0            +0            +0            
3             3             +0.1369       -0.0043       +0.1326       +0.1326       
4             4             -0.0711       -0.0277       -0.0988       -0.0988       
5             5             +0.0045       -0.0092       -0.0047       -0.0047       
6             6             -0.0297       -0.0017       -0.0314       -0.0314       
7             7             +0.056        -0.0093       +0.0467       +0.0467       
8             8             -0.0318       -0.0006       -0.0324       -0.0324       
9             9             +0            +0            +0            +0            
10            10            -0.0293       -0.003        -0.0323       -0.0323       
11            11            +0            +0            +0            +0            
12            12            +0            +0            +0            +0            
13            13            -0.0033       -0.0015       -0.0048       -0.0048       
14            14            -0.1401       -0.0009       -0.141        -0.141        
15            15            +0            +0            +0            +0            
16            16            +0            +0            +0            +0            
17            17            +0            +0            +0            +0            
18            18            +0            +0            +0            +0            
19            19            +0            +0            +0            +0            
20            20            +0            +0            +0            +0            
21            21            +0            +0            +0            +0            
22            22            +0            +0            +0            +0            
23            23            +0.0343       -0.0015       +0.0328       +0.0328       
24            24            -0.0031       -0.0013       -0.0044       -0.0044       
25            25            +0.1312       -0.0448       +0.0864       +0.0864       
26            26            -0.0241       -0.0002       -0.0243       -0.0243       
27            27            +0            +0            +0            +0            
28            28            +0            +0            +0            +0            
29            29            -0.0075       -0.0027       -0.0102       -0.0102       
30            30            -0.0475       -0.0038       -0.0513       -0.0513       
31            31            -0.0354       -0.0023       -0.0377       -0.0377       
32            32            +0.002        -0            +0.002        +0.002        
33            33            +0.0251       -0.0001       +0.025        +0.025        
34            34            -0.2235       -0.0046       -0.2281       -0.2281       
35            35            +0.0354       -0.0015       +0.0339       +0.0339       
36            36            +0.0231       -0.0007       +0.0224       +0.0224       
37            37            +0.0079       -0            +0.0079       +0.0079       
38            38            +0            +0            +0            +0            
39            39            +0            +0            +0            +0            
40            40            +0            +0            +0            +0            
41            41            +0            +0            +0            +0            
42            42            +0.0342       -0.0001       +0.0341       +0.0341       
43            43            +0            +0            +0            +0            
44            44            +0.0019       -0            +0.0019       +0.0019       
45            45            +0.0247       -0            +0.0247       +0.0247       
46            46            +0.0075       -0            +0.0075       +0.0075       
47            47            -0.0691       -0.0017       -0.0708       -0.0708       
48            48            +0.0398       -0.0001       +0.0397       +0.0397       
49            49            +0            +0            +0            +0            
50            50            -0.0261       -0.0022       -0.0283       -0.0283       
51            51            +0.0215       -0.0001       +0.0214       +0.0214       
52            52            -0.0216       -0.0017       -0.0233       -0.0233       
53            53            +0.0187       -0.0002       +0.0185       +0.0185       
54            54            -0.056        -0.0039       -0.0599       -0.0599       
55            55            -0.0017       -0.0002       -0.0019       -0.0019       
56            56            +0.0527       -0.004        +0.0487       +0.0487       
57            57            +0            +0            +0            +0            
58            58            -0.0069       -0.0004       -0.0073       -0.0073       
59            59            -0.0617       -0.0049       -0.0666       -0.0666       
60            60            -0.0495       -0.0012       -0.0507       -0.0507       
61            61            -0.2399       -0.0129       -0.2528       -0.2528       
62            62            -0.0118       -0.0141       -0.0259       -0.0259       
63            63            -0.2818       -0.0429       -0.3247       -0.3247       
64            64            -0.0809       -0.003        -0.0839       -0.0839       
65            65            -0.0298       -0.0045       -0.0343       -0.0343       
66            66            -0.0101       -0.002        -0.0121       -0.0121       
67            67            -0.2505       -0.0118       -0.2623       -0.2623       
68            68            -0.0403       -0.4063       -0.4466       -0.4466       
69            69            +0.3922       -0.351        +0.0412       +0.0412       
70            70            -0.3139       -0.552        -0.8659       -0.8659       
71            71            -0.0063       -0.2568       -0.2631       -0.2631       
72            72            -0.1227       -0.3306       -0.4533       -0.4533       
73            73            +0.0892       -0.3123       -0.2231       -0.2231       
74            74            -0.132        -0.2763       -0.4083       -0.4083       
75            75            +0.1906       -0.0921       +0.0985       +0.0985       
76            76            +0.311        -0.4301       -0.1191       -0.1191       
77            77            -0.0658       -0.3418       -0.4076       -0.4076       
78            78            +0.0316       -0.2156       -0.184        -0.184        
79            79            +0.211        -0.2119       -0.0009       -0.0009       
80            80            +0.1553       -0.2033       -0.048        -0.048        
81            81            -0.8862       -1.7555       -2.6417       -2.6417       
82            82            -0.4513       -1.4206       -1.8719       -1.8719       
83            83            -0.4998       -1.0437       -1.5435       -1.5435       
84            84            -0.7042       -1.3013       -2.0055       -2.0055       
85            85            -0.5363       -1.4856       -2.0219       -2.0219       
86            86            -0.5799       -1.887        -2.4669       -2.4669       
87            87            -0.3716       -1.6007       -1.9723       -1.9723       
88            88            -0.4534       -1.6884       -2.1418       -2.1418       
89            89            -0.5473       -1.5088       -2.0561       -2.0561       
90            90            -0.8561       -1.2602       -2.1163       -2.1163       
91            91            -0.8502       -0.7125       -1.5627       -1.5627       
92            92            -0.7879       -1.8391       -2.627        -2.627        
93            93            -0.5645       -1.4215       -1.986        -1.986        
94            94            -0.2361       -1.2542       -1.4903       -1.4903       
95            95            -0.5248       -1.2323       -1.7571       -1.7571       
96            96            -0.757        +0.2324       -0.5246       -0.5246       
97            97            -0.5325       -1.7236       -2.2561       -2.2561       
98            98            -0.591        -1.1466       -1.7376       -1.7376       
99            99            -0.6818       -0.0765       -0.7583       -0.7583       
100           100           -0.5612       -1.2862       -1.8474       -1.8474       
101           101           -0.4606       -0.6356       -1.0962       -1.0962       
102           102           -0.6549       -1.7047       -2.3596       -2.3596       
103           103           -0.4542       -1.353        -1.8072       -1.8072       
104           104           +0.0802       -1.2895       -1.2093       -1.2093       
105           105           -0.1893       -1.7612       -1.9505       -1.9505       
106           106           -0.5217       -1.869        -2.3907       -2.3907       
107           107           -0.772        -1.8741       -2.6461       -2.6461       
108           108           -0.3516       -1.6605       -2.0121       -2.0121       
109           109           -0.7116       -0.7449       -1.4565       -1.4565       
110           110           -0.9469       -0.7275       -1.6744       -1.6744       
111           111           -0.3206       -2.0215       -2.3421       -2.3421       
112           112           -0.2983       -0.7366       -1.0349       -1.0349       
113           113           -0.3986       -1.6795       -2.0781       -2.0781       
114           114           -0.5278       -1.1385       -1.6663       -1.6663       
115           115           -0.2789       -1.0229       -1.3018       -1.3018       
116           116           -0.2206       -1.1375       -1.3581       -1.3581       
117           117           -0.5175       -1.4118       -1.9293       -1.9293       
118           118           -0.3802       -1.9814       -2.3616       -2.3616       
119           119           -0.5404       -1.6588       -2.1992       -2.1992       
120           120           -1.0956       -1.0334       -2.129        -2.129        
121           121           -0.6827       -1.8674       -2.5501       -2.5501       
122           122           -0.4548       -1.5667       -2.0215       -2.0215       
123           123           -0.5148       -1.6255       -2.1403       -2.1403       
124           124           -0.5038       -0.1302       -0.634        -0.634        
125           125           -0.608        -0.4363       -1.0443       -1.0443       
126           126           -0.1253       -0.605        -0.7303       -0.7303       
127           127           -0.5928       -1.507        -2.0998       -2.0998       
128           128           -0.7554       -1.6382       -2.3936       -2.3936       
129           129           -0.9187       -0.4032       -1.3219       -1.3219       
130           130           -0.5059       -1.7869       -2.2928       -2.2928       
131           131           -0.0978       -1.953        -2.0508       -2.0508       
132           132           -0.3927       -1.6914       -2.0841       -2.0841       
133           133           -0.4834       -0.9809       -1.4643       -1.4643       
134           134           -0.735        -1.5226       -2.2576       -2.2576       
135           135           -0.6107       -1.5774       -2.1881       -2.1881       
136           136           -0.6142       -0.9343       -1.5485       -1.5485       
137           137           -0.2761       -0.6755       -0.9516       -0.9516       
138           138           -0.2892       -1.1867       -1.4759       -1.4759       
139           139           -0.5216       -1.4296       -1.9512       -1.9512       
140           140           -0.6057       -0.9836       -1.5893       -1.5893       
141           141           -0.3015       -0.9627       -1.2642       -1.2642       
142           142           -0.4061       -0.9104       -1.3165       -1.3165       
143           143           -0.0562       -0.8841       -0.9403       -0.9403       
144           144           -0.0483       -0.5175       -0.5658       -0.5658       
145           145           -0.222        -1.4113       -1.6333       -1.6333       
146           146           -0.3739       -1.2513       -1.6252       -1.6252       
147           147           -0.3553       -1.1068       -1.4621       -1.4621       
148           148           -0.7955       -1.6724       -2.4679       -2.4679       
149           149           -0.4891       +0.0332       -0.4559       -0.4559       
150           150           -0.7049       -1.6346       -2.3395       -2.3395       
151           151           -0.1741       -0.7163       -0.8904       -0.8904       
152           152           -0.1194       -0.9965       -1.1159       -1.1159       
153           153           -0.6623       -1.3621       -2.0244       -2.0244       
154           154           -0.878        -1.1767       -2.0547       -2.0547       
155           155           -0.6217       -1.823        -2.4447       -2.4447       
156           156           -0.1796       -1.2805       -1.4601       -1.4601       
157           157           -0.7264       -1.1763       -1.9027       -1.9027       
158           158           -0.4518       -1.5514       -2.0032       -2.0032       
159           159           -1.1554       -2.1268       -3.2822       -3.2822       
160           160           -0.4675       -1.5015       -1.969        -1.969        
161           161           -1.1095       -2.4403       -3.5498       -3.5498       
162           162           -0.7452       -1.9054       -2.6506       -2.6506       
163           163           -0.4619       -1.1382       -1.6001       -1.6001       
164           164           -0.4304       -0.9784       -1.4088       -1.4088       
165           165           -0.893        -1.4601       -2.3531       -2.3531       
166           166           -0.4246       -1.4626       -1.8872       -1.8872       
167           167           -0.5041       -1.6629       -2.167        -2.167        
168           168           -0.5697       -1.2891       -1.8588       -1.8588       
169           169           -0.6979       -1.8092       -2.5071       -2.5071       
170           170           -0.2474       +0.003        -0.2444       -0.2444       
171           171           -0.4451       -1.4193       -1.8644       -1.8644       
172           172           -0.0409       -0.4494       -0.4903       -0.4903       
173           173           -0.3254       -1.35         -1.6754       -1.6754       
174           174           -0.3996       -1.5352       -1.9348       -1.9348       
175           175           -0.3395       -1.4442       -1.7837       -1.7837       
176           176           -0.3902       -1.0766       -1.4668       -1.4668       
177           177           -0.3175       -1.212        -1.5295       -1.5295       
178           178           -0.4461       -1.0362       -1.4823       -1.4823       
179           179           -0.5425       -1.2506       -1.7931       -1.7931       
180           180           -1.0869       -2.2426       -3.3295       -3.3295       
181           181           +0.0287       -0.269        -0.2403       -0.2403       
182           182           -0.1947       -0.6493       -0.844        -0.844        
183           183           +0.1732       -0.3488       -0.1756       -0.1756       
184           184           +0.0979       -0.4175       -0.3196       -0.3196       
185           185           -0.5965       -1.0611       -1.6576       -1.6576       
186           186           -0.7576       -1.8779       -2.6355       -2.6355       
187           187           -0.8561       -1.8003       -2.6564       -2.6564       
188           188           -0.7339       -2.0055       -2.7394       -2.7394       
189           189           -1.3598       -1.9661       -3.3259       -3.3259       
190           190           -1.1579       -1.7011       -2.859        -2.859        
191           191           -0.4928       -1.6          -2.0928       -2.0928       
192           192           -0.8819       -2.0735       -2.9554       -2.9554       
193           193           -0.5721       -1.0144       -1.5865       -1.5865       
194           194           -0.5583       -1.3048       -1.8631       -1.8631       
195           195           -0.7136       -1.9106       -2.6242       -2.6242       
196           196           -0.9737       -2.029        -3.0027       -3.0027       
197           197           -0.9099       -2.0886       -2.9985       -2.9985       
198           198           -0.435        -1.2766       -1.7116       -1.7116       
199           199           -0.4214       -1.4945       -1.9159       -1.9159       
200           200           -0.8411       -1.3087       -2.1498       -2.1498       
201           201           -0.804        -1.6264       -2.4304       -2.4304       
202           202           -0.895        -0.063        -0.958        -0.958        
203           203           -0.5072       -1.5055       -2.0127       -2.0127       
204           204           -0.4312       -1.6049       -2.0361       -2.0361       
205           205           -1.0243       -1.4545       -2.4788       -2.4788       
206           206           -0.4222       -1.058        -1.4802       -1.4802       
207           207           -0.9594       -1.5034       -2.4628       -2.4628       
208           208           -0.6483       -1.2423       -1.8906       -1.8906       
209           209           -0.5099       -1.92         -2.4299       -2.4299       
210           210           -0.6318       -1.6749       -2.3067       -2.3067       
211           211           -0.7454       -1.6688       -2.4142       -2.4142       
212           212           -1.1108       -1.9361       -3.0469       -3.0469       
213           213           -0.3192       -1.583        -1.9022       -1.9022       
214           214           -0.2171       -1.0359       -1.253        -1.253        
215           215           -0.241        -0.9486       -1.1896       -1.1896       
216           216           -0.5743       -1.6113       -2.1856       -2.1856       
217           217           -0.8963       -1.9546       -2.8509       -2.8509       
218           218           -0.7515       -1.288        -2.0395       -2.0395       
219           219           -0.9183       -2.2274       -3.1457       -3.1457       
220           220           +0.1562       -1.9914       -1.8352       -1.8352       
221           221           -0.4471       +0.0394       -0.4077       -0.4077       
222           222           -0.7419       -1.7603       -2.5022       -2.5022       
223           223           -0.5019       -0.9784       -1.4803       -1.4803       
224           224           -1.0391       -1.9397       -2.9788       -2.9788       
225           225           -0.5107       -1.0948       -1.6055       -1.6055       
226           226           -0.3935       -1.5474       -1.9409       -1.9409       
227           227           -0.3404       -0.6953       -1.0357       -1.0357       
228           228           -0.4253       -1.175        -1.6003       -1.6003       
229           229           -0.5308       -1.5857       -2.1165       -2.1165       
230           230           -0.2864       -1.3379       -1.6243       -1.6243       
231           231           -0.5907       -2.226        -2.8167       -2.8167       
232           232           -0.5466       -1.5253       -2.0719       -2.0719       
233           233           -0.4605       -1.2894       -1.7499       -1.7499       
234           234           -0.5163       -1.245        -1.7613       -1.7613       
235           235           -0.4008       -1.1134       -1.5142       -1.5142       
236           236           -0.1823       -0.3131       -0.4954       -0.4954       
237           237           -0.5713       -1.5003       -2.0716       -2.0716       
238           238           -0.3644       -0.9413       -1.3057       -1.3057       
239           239           -0.4143       -1.3299       -1.7442       -1.7442       
240           240           -0.6213       -0.6008       -1.2221       -1.2221       
241           241           -0.5187       -1.3027       -1.8214       -1.8214       
242           242           -0.3088       -1.0438       -1.3526       -1.3526       
243           243           -0.715        -1.4425       -2.1575       -2.1575       
244           244           -0.6531       -1.7155       -2.3686       -2.3686       
245           245           -0.5695       -1.0365       -1.606        -1.606        
246           246           -0.2441       -1.2848       -1.5289       -1.5289       
247           247           -0.3524       -1.5835       -1.9359       -1.9359       
248           248           -0.506        -1.6646       -2.1706       -2.1706       
249           249           -0.6669       -1.6666       -2.3335       -2.3335       
250           250           -0.6573       -1.5342       -2.1915       -2.1915       
251           251           -0.5838       -1.628        -2.2118       -2.2118       
252           252           -0.1712       -1.2242       -1.3954       -1.3954       
253           253           -0.6792       -1.3115       -1.9907       -1.9907       
254           254           -0.8069       -1.3279       -2.1348       -2.1348       
255           255           -0.8676       -1.4539       -2.3215       -2.3215       
256           256           -0.5085       -1.4654       -1.9739       -1.9739       
257           257           -0.6064       -1.9497       -2.5561       -2.5561       
258           258           -0.634        -1.6661       -2.3001       -2.3001       
259           259           -0.4984       -1.2925       -1.7909       -1.7909       
260           260           -1.0375       -1.9161       -2.9536       -2.9536       
261           261           -0.5627       -0.6815       -1.2442       -1.2442       
262           262           -0.7683       -1.3248       -2.0931       -2.0931       
263           263           -0.5766       -1.4643       -2.0409       -2.0409       
264           264           -0.8616       -1.8467       -2.7083       -2.7083       
265           265           -0.5359       -0.2792       -0.8151       -0.8151       
266           266           -0.7419       -1.754        -2.4959       -2.4959       
267           267           -0.6632       -1.8959       -2.5591       -2.5591       
268           268           -0.633        -1.7829       -2.4159       -2.4159       
269           269           -0.5932       -2.238        -2.8312       -2.8312       
270           270           -0.8002       -1.3394       -2.1396       -2.1396       
271           271           -0.5846       -1.3195       -1.9041       -1.9041       
272           272           -0.3274       -1.4905       -1.8179       -1.8179       
273           273           -0.727        -1.8602       -2.5872       -2.5872       
274           274           -0.671        -1.8142       -2.4852       -2.4852       
275           275           -0.8767       -1.888        -2.7647       -2.7647       
276           276           -0.1333       -0.2869       -0.4202       -0.4202       
277           277           -0.5837       -1.6958       -2.2795       -2.2795       
278           278           -0.7305       -1.8248       -2.5553       -2.5553       
279           279           -0.441        -1.4695       -1.9105       -1.9105       
280           280           -0.5511       -1.6069       -2.158        -2.158        
281           281           -0.9385       -2.1199       -3.0584       -3.0584       
282           282           -0.757        -1.8595       -2.6165       -2.6165       
283           283           -0.3727       -1.6087       -1.9814       -1.9814       
284           284           -0.7656       -2.0261       -2.7917       -2.7917       
285           285           -1.3157       -1.7895       -3.1052       -3.1052       
286           286           -0.8579       -1.4817       -2.3396       -2.3396       
287           287           -0.6741       -1.9455       -2.6196       -2.6196       
288           288           -0.383        -1.348        -1.731        -1.731        
289           289           -0.5513       -1.9468       -2.4981       -2.4981       
290           290           -0.4711       -0.8301       -1.3012       -1.3012       
291           291           -0.7023       -1.5283       -2.2306       -2.2306       
292           292           -0.6099       -0.9239       -1.5338       -1.5338       
293           293           -0.8093       -0.916        -1.7253       -1.7253       
294           294           -0.3116       -0.7993       -1.1109       -1.1109       
295           295           -1.0621       -1.6979       -2.76         -2.76         
296           296           -0.718        -2.0041       -2.7221       -2.7221       
297           297           -0.6149       -1.1068       -1.7217       -1.7217       
298           298           -0.3828       -0.917        -1.2998       -1.2998       
299           299           -0.6821       -0.5517       -1.2338       -1.2338       
300           300           -0.7368       -0.9273       -1.6641       -1.6641       
301           301           -0.9308       -0.3065       -1.2373       -1.2373       
302           302           -0.9984       -1.5849       -2.5833       -2.5833       
303           303           -1.3293       -1.3915       -2.7208       -2.7208       
304           304           -0.9003       -1.3439       -2.2442       -2.2442       
305           305           -1.0161       -1.4923       -2.5084       -2.5084       
306           306           -1.1731       -1.3826       -2.5557       -2.5557       
307           307           -0.7976       -1.1073       -1.9049       -1.9049       
308           308           -0.653        -0.7903       -1.4433       -1.4433       
309           309           -0.9102       -1.5922       -2.5024       -2.5024       
310           310           -0.8604       +0.0382       -0.8222       -0.8222       
311           311           -1.087        -1.3512       -2.4382       -2.4382       
312           312           -0.8166       -0.7484       -1.565        -1.565        
313           313           -0.9171       -1.09         -2.0071       -2.0071       
314           314           -0.8923       -1.1134       -2.0057       -2.0057       
315           315           -0.8228       -1.0587       -1.8815       -1.8815       
316           316           -1.1096       -0.7744       -1.884        -1.884        
317           317           -0.7461       -0.3172       -1.0633       -1.0633       
318           318           -1.0261       -0.8718       -1.8979       -1.8979       
319           319           -1.0571       -1.5932       -2.6503       -2.6503       
320           320           -0.6279       -0.1521       -0.78         -0.78         
321           321           -0.814        -0.1765       -0.9905       -0.9905       
322           322           -0.8825       -0.1772       -1.0597       -1.0597       
323           323           -0.5731       -0.0479       -0.621        -0.621        
324           324           -0.1056       -0.0054       -0.111        -0.111        
325           325           -0.0016       -0.003        -0.0046       -0.0046       
326           326           -0.2295       -0.007        -0.2365       -0.2365       
327           327           -1.5272       -0.1055       -1.6327       -1.6327       
328           328           -1.4526       -0.3785       -1.8311       -1.8311       
329           329           -1.4232       -0.1893       -1.6125       -1.6125       
330           330           -0.1575       -0.0014       -0.1589       -0.1589       
331           331           -0.3423       -0.0264       -0.3687       -0.3687       
332           332           -0.1896       -0.0094       -0.199        -0.199        
333           333           -0.2033       -0.0087       -0.212        -0.212        
334           334           -0.0947       -0.0016       -0.0963       -0.0963       
335           335           -0.1079       -0.0048       -0.1127       -0.1127       
336           336           -0.0425       -0.0153       -0.0578       -0.0578       
337           337           -0.0729       -0.0016       -0.0745       -0.0745       
338           338           -0.1477       -0.0037       -0.1514       -0.1514       
339           339           -0.3011       -0.0234       -0.3245       -0.3245       
