Frame         Time          Elec          VdW           Nonbond       Total         
0             0             +0            +0            +0            +0            
1             1             +0            +0            +0            +0            
2             2             +0            +0            +0            +0            
3             3             +0            +0            +0            +0            
4             4             +0            +0            +0            +0            
5             5             +0            +0            +0            +0            
6             6             +0            +0            +0            +0            
7             7             +0            +0            +0            +0            
8             8             +0            +0            +0            +0            
9             9             +0            +0            +0            +0            
10            10            +0            +0            +0            +0            
11            11            +0            +0            +0            +0            
12            12            +0            +0            +0            +0            
13            13            +0            +0            +0            +0            
14            14            +0            +0            +0            +0            
15            15            +0            +0            +0            +0            
16            16            +0            +0            +0            +0            
17            17            +0            +0            +0            +0            
18            18            +0            +0            +0            +0            
19            19            +0            +0            +0            +0            
20            20            +0            +0            +0            +0            
21            21            -0.0835       -0.0018       -0.0853       -0.0853       
22            22            -0.1394       -0.19         -0.3294       -0.3294       
23            23            -0.0199       -0.005        -0.0249       -0.0249       
24            24            -0.0857       -0.0012       -0.0869       -0.0869       
25            25            -0.0222       -0.0001       -0.0223       -0.0223       
26            26            -0.0076       -0.0131       -0.0207       -0.0207       
27            27            -0.2964       -0.101        -0.3974       -0.3974       
28            28            -0.0735       -0.1091       -0.1826       -0.1826       
29            29            +0.0931       -0.0138       +0.0793       +0.0793       
30            30            +0.1371       -0.0037       +0.1334       +0.1334       
31            31            -0.1141       -0.0418       -0.1559       -0.1559       
32            32            +0.0878       -0.0243       +0.0635       +0.0635       
33            33            +0.0478       -0.0251       +0.0227       +0.0227       
34            34            +0.0085       -0.0539       -0.0454       -0.0454       
35            35            +0.063        -0.0114       +0.0516       +0.0516       
36            36            +0.0078       -0.0092       -0.0014       -0.0014       
37            37            +0.0736       -0.0015       +0.0721       +0.0721       
38            38            +0.1178       -0.0043       +0.1135       +0.1135       
39            39            +0.0685       -0.026        +0.0425       +0.0425       
40            40            -0.0225       -0.0598       -0.0823       -0.0823       
41            41            +0.0095       -0.0054       +0.0041       +0.0041       
42            42            +0.0474       -0.0299       +0.0175       +0.0175       
43            43            -0.0566       -0.0476       -0.1042       -0.1042       
44            44            -0.0495       -0.0142       -0.0637       -0.0637       
45            45            +0.0185       -0.0344       -0.0159       -0.0159       
46            46            -0.0043       -0.0503       -0.0546       -0.0546       
47            47            -0.0057       -0.0511       -0.0568       -0.0568       
48            48            +0.1659       -0.0139       +0.152        +0.152        
49            49            +0.077        -0.008        +0.069        +0.069        
50            50            +0.0987       -0.0073       +0.0914       +0.0914       
51            51            -0.0583       -0.0479       -0.1062       -0.1062       
52            52            -0.0152       -0.0493       -0.0645       -0.0645       
53            53            -0.0023       -0            -0.0023       -0.0023       
54            54            +0.0823       -0.0059       +0.0764       +0.0764       
55            55            -0.0977       -0.047        -0.1447       -0.1447       
56            56            -0.2668       -0.1845       -0.4513       -0.4513       
57            57            -0.0323       -0.028        -0.0603       -0.0603       
58            58            +0.0455       -0.0297       +0.0158       +0.0158       
59            59            -0.0668       -0.0523       -0.1191       -0.1191       
60            60            +0.0348       -0.0589       -0.0241       -0.0241       
61            61            +0.0745       -0.0433       +0.0312       +0.0312       
62            62            -0.0305       -0.0496       -0.0801       -0.0801       
63            63            +0.02         -0.0665       -0.0465       -0.0465       
64            64            +0.2042       -0.1156       +0.0886       +0.0886       
65            65            +0.1704       -0.0213       +0.1491       +0.1491       
66            66            +0.1474       -0.0297       +0.1177       +0.1177       
67            67            +0.0052       -0.1165       -0.1113       -0.1113       
68            68            -0.0131       -0.1133       -0.1264       -0.1264       
69            69            +0.0789       -0.0468       +0.0321       +0.0321       
70            70            +0.1024       -0.047        +0.0554       +0.0554       
71            71            +0.4513       -0.065        +0.3863       +0.3863       
72            72            +0.2528       -0.0816       +0.1712       +0.1712       
73            73            +0.3239       -0.0452       +0.2787       +0.2787       
74            74            +0.3805       -0.0751       +0.3054       +0.3054       
75            75            +0.3969       -0.1138       +0.2831       +0.2831       
76            76            +0.3019       -0.086        +0.2159       +0.2159       
77            77            +0.2255       -0.0913       +0.1342       +0.1342       
78            78            +0.0735       -0.0612       +0.0123       +0.0123       
79            79            +0.167        -0.0663       +0.1007       +0.1007       
80            80            +0.148        -0.0771       +0.0709       +0.0709       
81            81            +0.5002       -0.1082       +0.392        +0.392        
82            82            +0.2969       -0.1129       +0.184        +0.184        
83            83            +0.3256       -0.0802       +0.2454       +0.2454       
84            84            +0.174        -0.1062       +0.0678       +0.0678       
85            85            +0.3211       -0.1302       +0.1909       +0.1909       
86            86            +0.2721       -0.1035       +0.1686       +0.1686       
87            87            +0.289        -0.0885       +0.2005       +0.2005       
88            88            +0.3926       -0.0821       +0.3105       +0.3105       
89            89            +0.3331       -0.0789       +0.2542       +0.2542       
90            90            +0.1028       -0.0596       +0.0432       +0.0432       
91            91            +0.4165       -0.0946       +0.3219       +0.3219       
92            92            +0.4854       -0.1199       +0.3655       +0.3655       
93            93            +0.3133       -0.103        +0.2103       +0.2103       
94            94            +0.4815       -0.0898       +0.3917       +0.3917       
95            95            +0.3926       -0.0691       +0.3235       +0.3235       
96            96            +0.2617       -0.068        +0.1937       +0.1937       
97            97            +0.4479       -0.0945       +0.3534       +0.3534       
98            98            +0.2955       -0.1092       +0.1863       +0.1863       
99            99            +0.2421       -0.1023       +0.1398       +0.1398       
100           100           +0.3696       -0.0809       +0.2887       +0.2887       
101           101           +0.1761       -0.0765       +0.0996       +0.0996       
102           102           +0.1662       -0.0721       +0.0941       +0.0941       
103           103           +0.2955       -0.0931       +0.2024       +0.2024       
104           104           +0.1604       -0.0838       +0.0766       +0.0766       
105           105           +0.2486       -0.0988       +0.1498       +0.1498       
106           106           +0.3361       -0.0694       +0.2667       +0.2667       
107           107           +0.0796       -0.1128       -0.0332       -0.0332       
108           108           +0.2838       -0.0881       +0.1957       +0.1957       
109           109           +0.3046       -0.0748       +0.2298       +0.2298       
110           110           +0.3481       -0.0663       +0.2818       +0.2818       
111           111           +0.2541       -0.0775       +0.1766       +0.1766       
112           112           +0.2709       -0.0857       +0.1852       +0.1852       
113           113           +0.3749       -0.1166       +0.2583       +0.2583       
114           114           +0.4217       -0.0853       +0.3364       +0.3364       
115           115           +0.39         -0.0741       +0.3159       +0.3159       
116           116           +0.0622       -0.0652       -0.003        -0.003        
117           117           +0.2513       -0.0656       +0.1857       +0.1857       
118           118           +0.3776       -0.0783       +0.2993       +0.2993       
119           119           +0.2943       -0.0665       +0.2278       +0.2278       
120           120           +0.3933       -0.101        +0.2923       +0.2923       
121           121           +0.306        -0.1059       +0.2001       +0.2001       
122           122           +0.524        -0.086        +0.438        +0.438        
123           123           +0.5533       -0.0938       +0.4595       +0.4595       
124           124           +0.4658       -0.0747       +0.3911       +0.3911       
125           125           +0.3888       -0.1184       +0.2704       +0.2704       
126           126           +0.2302       -0.0763       +0.1539       +0.1539       
127           127           +0.2665       -0.0757       +0.1908       +0.1908       
128           128           +0.1031       -0.0856       +0.0175       +0.0175       
129           129           +0.2399       -0.0743       +0.1656       +0.1656       
130           130           +0.3513       -0.1148       +0.2365       +0.2365       
131           131           +0.2111       -0.0878       +0.1233       +0.1233       
132           132           +0.3689       -0.0731       +0.2958       +0.2958       
133           133           +0.151        -0.099        +0.052        +0.052        
134           134           +0.1504       -0.0829       +0.0675       +0.0675       
135           135           +0.368        -0.1662       +0.2018       +0.2018       
136           136           +0.4549       -0.1572       +0.2977       +0.2977       
137           137           +0.4516       -0.0851       +0.3665       +0.3665       
138           138           +0.2087       -0.1058       +0.1029       +0.1029       
139           139           +0.4259       -0.1473       +0.2786       +0.2786       
140           140           +0.3983       -0.1355       +0.2628       +0.2628       
141           141           +0.2344       -0.1369       +0.0975       +0.0975       
142           142           +0.432        -0.0801       +0.3519       +0.3519       
143           143           +0.1518       -0.1369       +0.0149       +0.0149       
144           144           +0.259        -0.1365       +0.1225       +0.1225       
145           145           +0.2413       -0.1471       +0.0942       +0.0942       
146           146           +0.4687       -0.1708       +0.2979       +0.2979       
147           147           +0.1058       -0.1403       -0.0345       -0.0345       
148           148           +0.4058       -0.1739       +0.2319       +0.2319       
149           149           +0.3793       -0.095        +0.2843       +0.2843       
150           150           +0.6002       -0.0793       +0.5209       +0.5209       
151           151           +0.3362       -0.1006       +0.2356       +0.2356       
152           152           +0.5919       -0.1256       +0.4663       +0.4663       
153           153           +0.2548       -0.0917       +0.1631       +0.1631       
154           154           -0.0229       -0.1238       -0.1467       -0.1467       
155           155           +0.0428       -0.0407       +0.0021       +0.0021       
156           156           +0.0854       -0.0622       +0.0232       +0.0232       
157           157           +0.105        -0.1558       -0.0508       -0.0508       
158           158           +0.0908       -0.1233       -0.0325       -0.0325       
159           159           +0.0474       -0.048        -0.0006       -0.0006       
160           160           -0.0165       -0.0964       -0.1129       -0.1129       
161           161           +0.1904       -0.0909       +0.0995       +0.0995       
162           162           +0.2071       -0.117        +0.0901       +0.0901       
163           163           +0.1313       -0.1051       +0.0262       +0.0262       
164           164           +0.2707       -0.1614       +0.1093       +0.1093       
165           165           +0.144        -0.1002       +0.0438       +0.0438       
166           166           +0.1546       -0.1363       +0.0183       +0.0183       
167           167           +0.2123       -0.0944       +0.1179       +0.1179       
168           168           +0.3867       -0.1132       +0.2735       +0.2735       
169           169           +0.4963       -0.2149       +0.2814       +0.2814       
170           170           +0.4508       -0.1071       +0.3437       +0.3437       
171           171           +0.28         -0.0916       +0.1884       +0.1884       
172           172           +0.3794       -0.1395       +0.2399       +0.2399       
173           173           +0.1157       -0.0585       +0.0572       +0.0572       
174           174           +0.3635       -0.1457       +0.2178       +0.2178       
175           175           +0.2305       -0.1182       +0.1123       +0.1123       
176           176           +0.1401       -0.1228       +0.0173       +0.0173       
177           177           +0.1079       -0.0741       +0.0338       +0.0338       
178           178           +0.2721       -0.141        +0.1311       +0.1311       
179           179           +0.0853       -0.038        +0.0473       +0.0473       
180           180           +0.1611       -0.0567       +0.1044       +0.1044       
181           181           +0.1586       -0.044        +0.1146       +0.1146       
182           182           +0.317        -0.1354       +0.1816       +0.1816       
183           183           +0.0652       -0.108        -0.0428       -0.0428       
184           184           +0.2028       -0.0938       +0.109        +0.109        
185           185           +0.2102       -0.0552       +0.155        +0.155        
186           186           +0.5319       -0.0664       +0.4655       +0.4655       
187           187           +0.376        -0.119        +0.257        +0.257        
188           188           +0.3913       -0.1247       +0.2666       +0.2666       
189           189           +0.3181       -0.1789       +0.1392       +0.1392       
190           190           +0.5267       -0.1365       +0.3902       +0.3902       
191           191           +0.3203       -0.0692       +0.2511       +0.2511       
192           192           +0.1458       -0.101        +0.0448       +0.0448       
193           193           +0.1365       -0.0733       +0.0632       +0.0632       
194           194           +0.3478       -0.1785       +0.1693       +0.1693       
195           195           +0.1516       -0.1066       +0.045        +0.045        
196           196           +0.0894       -0.1605       -0.0711       -0.0711       
197           197           +0.0875       -0.1226       -0.0351       -0.0351       
198           198           -0.2685       -0.1945       -0.463        -0.463        
199           199           +0.3806       -0.1288       +0.2518       +0.2518       
200           200           +0.1452       -0.1466       -0.0014       -0.0014       
201           201           +0.2474       -0.0988       +0.1486       +0.1486       
202           202           +0.1201       -0.1397       -0.0196       -0.0196       
203           203           +0.2826       -0.1696       +0.113        +0.113        
204           204           +0.2192       -0.1477       +0.0715       +0.0715       
205           205           +0.1971       -0.1493       +0.0478       +0.0478       
206           206           +0.1364       -0.1501       -0.0137       -0.0137       
207           207           +0.3487       -0.1417       +0.207        +0.207        
208           208           +0.2957       -0.1886       +0.1071       +0.1071       
209           209           +0.0751       -0.132        -0.0569       -0.0569       
210           210           +0.3274       -0.1384       +0.189        +0.189        
211           211           +0.2537       -0.1576       +0.0961       +0.0961       
212           212           +0.3098       -0.1818       +0.128        +0.128        
213           213           +0.2633       -0.1381       +0.1252       +0.1252       
214           214           +0.233        -0.135        +0.098        +0.098        
215           215           +0.0638       -0.0772       -0.0134       -0.0134       
216           216           +0.0465       -0.0723       -0.0258       -0.0258       
217           217           -0.0067       -0.1654       -0.1721       -0.1721       
218           218           +0.3814       -0.0924       +0.289        +0.289        
219           219           +0.2419       -0.1248       +0.1171       +0.1171       
220           220           +0.1693       -0.0705       +0.0988       +0.0988       
221           221           +0.7286       -0.077        +0.6516       +0.6516       
222           222           +0.2406       -0.1445       +0.0961       +0.0961       
223           223           +0.2859       -0.1462       +0.1397       +0.1397       
224           224           +0.2951       -0.1292       +0.1659       +0.1659       
225           225           +0.4355       -0.1693       +0.2662       +0.2662       
226           226           +0.2803       -0.1928       +0.0875       +0.0875       
227           227           +0.3818       -0.1816       +0.2002       +0.2002       
228           228           +0.2221       -0.1623       +0.0598       +0.0598       
229           229           +0.3267       -0.1489       +0.1778       +0.1778       
230           230           +0.0389       -0.1605       -0.1216       -0.1216       
231           231           +0.2141       -0.1604       +0.0537       +0.0537       
232           232           +0.2405       -0.1434       +0.0971       +0.0971       
233           233           +0.2041       -0.1338       +0.0703       +0.0703       
234           234           +0.2062       -0.1439       +0.0623       +0.0623       
235           235           +0.5271       -0.1887       +0.3384       +0.3384       
236           236           +0.2521       -0.1354       +0.1167       +0.1167       
237           237           -0.2423       -0.1075       -0.3498       -0.3498       
238           238           +0.5377       -0.191        +0.3467       +0.3467       
239           239           +0.2111       -0.1507       +0.0604       +0.0604       
240           240           +0.2488       -0.1939       +0.0549       +0.0549       
241           241           +0.1975       -0.1559       +0.0416       +0.0416       
242           242           +0.2843       -0.1531       +0.1312       +0.1312       
243           243           +0.4242       -0.1453       +0.2789       +0.2789       
244           244           +0.6475       -0.1951       +0.4524       +0.4524       
245           245           +0.2702       -0.1175       +0.1527       +0.1527       
246           246           +0.2191       -0.1193       +0.0998       +0.0998       
247           247           +0.237        -0.154        +0.083        +0.083        
248           248           -0.0218       -0.0837       -0.1055       -0.1055       
249           249           +0.4567       -0.1503       +0.3064       +0.3064       
250           250           +0.5175       -0.1916       +0.3259       +0.3259       
251           251           +0.4647       -0.1674       +0.2973       +0.2973       
252           252           +0.3056       -0.1509       +0.1547       +0.1547       
253           253           +0.0321       -0.1321       -0.1          -0.1          
254           254           +0.3013       -0.147        +0.1543       +0.1543       
255           255           +0.1879       -0.1185       +0.0694       +0.0694       
256           256           +0.44         -0.1676       +0.2724       +0.2724       
257           257           +0.1921       -0.1479       +0.0442       +0.0442       
258           258           +0.3063       -0.1266       +0.1797       +0.1797       
259           259           +0.0589       -0.1554       -0.0965       -0.0965       
260           260           +0.4781       -0.1632       +0.3149       +0.3149       
261           261           +0.3196       -0.1443       +0.1753       +0.1753       
262           262           +0.0399       -0.1623       -0.1224       -0.1224       
263           263           +0.2537       -0.1343       +0.1194       +0.1194       
264           264           -0.1912       -0.1563       -0.3475       -0.3475       
265           265           -0.0256       -0.1149       -0.1405       -0.1405       
266           266           +0.1386       -0.1193       +0.0193       +0.0193       
267           267           +0.1706       -0.1306       +0.04         +0.04         
268           268           +0.1631       -0.165        -0.0019       -0.0019       
269           269           +0.2977       -0.0754       +0.2223       +0.2223       
270           270           +0.0615       -0.1695       -0.108        -0.108        
271           271           +0.6015       -0.1552       +0.4463       +0.4463       
272           272           +0.1878       -0.1254       +0.0624       +0.0624       
273           273           +0.0274       -0.1016       -0.0742       -0.0742       
274           274           +0.0114       -0.108        -0.0966       -0.0966       
275           275           +0.076        -0.1013       -0.0253       -0.0253       
276           276           +0.0757       -0.1127       -0.037        -0.037        
277           277           +0.1789       -0.0947       +0.0842       +0.0842       
278           278           +0.3703       -0.1469       +0.2234       +0.2234       
279           279           +0.3725       -0.1541       +0.2184       +0.2184       
280           280           +0.134        -0.1694       -0.0354       -0.0354       
281           281           +0.2767       -0.1496       +0.1271       +0.1271       
282           282           +0.4039       -0.1094       +0.2945       +0.2945       
283           283           +0.0796       -0.0877       -0.0081       -0.0081       
284           284           -0.0432       -0.1404       -0.1836       -0.1836       
285           285           +0.1741       -0.1445       +0.0296       +0.0296       
286           286           +0.4113       -0.1825       +0.2288       +0.2288       
287           287           +0.0302       -0.1175       -0.0873       -0.0873       
288           288           +0.3416       -0.131        +0.2106       +0.2106       
289           289           +0.2286       -0.1291       +0.0995       +0.0995       
290           290           +0.3506       -0.1287       +0.2219       +0.2219       
291           291           +0.256        -0.1537       +0.1023       +0.1023       
292           292           +0.3164       -0.1318       +0.1846       +0.1846       
293           293           +0.1417       -0.159        -0.0173       -0.0173       
294           294           -0.0633       -0.0733       -0.1366       -0.1366       
295           295           -0.0561       -0.1402       -0.1963       -0.1963       
296           296           -0.008        -0.1161       -0.1241       -0.1241       
297           297           +0.0025       -0.1242       -0.1217       -0.1217       
298           298           +0.1318       -0.1301       +0.0017       +0.0017       
299           299           +0.4839       -0.1596       +0.3243       +0.3243       
300           300           +0.3675       -0.138        +0.2295       +0.2295       
301           301           -0.1586       -0.1009       -0.2595       -0.2595       
302           302           -0.1878       -0.1121       -0.2999       -0.2999       
303           303           +0.5332       -0.1806       +0.3526       +0.3526       
304           304           +0.2482       -0.1204       +0.1278       +0.1278       
305           305           +0.5116       -0.1661       +0.3455       +0.3455       
306           306           +0.332        -0.1846       +0.1474       +0.1474       
307           307           +0.3376       -0.185        +0.1526       +0.1526       
308           308           +0.2599       -0.1632       +0.0967       +0.0967       
309           309           +0.1976       -0.1337       +0.0639       +0.0639       
310           310           +0.1201       -0.1702       -0.0501       -0.0501       
311           311           +0.17         -0.1128       +0.0572       +0.0572       
312           312           -0.0029       -0.148        -0.1509       -0.1509       
313           313           -0.1679       -0.0782       -0.2461       -0.2461       
314           314           -0.1115       -0.0233       -0.1348       -0.1348       
315           315           -0.1226       -0.0474       -0.17         -0.17         
316           316           -0.0881       -0.0322       -0.1203       -0.1203       
317           317           -0.2411       -0.0244       -0.2655       -0.2655       
318           318           +0.0179       -0.0218       -0.0039       -0.0039       
319           319           -0.0719       -0.0469       -0.1188       -0.1188       
320           320           -0.1008       -0.0361       -0.1369       -0.1369       
321           321           -0.1633       -0.0347       -0.198        -0.198        
322           322           -0.019        -0.0185       -0.0375       -0.0375       
323           323           -0.0464       -0.0102       -0.0566       -0.0566       
324           324           -0.0241       -0.0363       -0.0604       -0.0604       
325           325           -0.1577       -0.0451       -0.2028       -0.2028       
326           326           -0.0731       -0.0733       -0.1464       -0.1464       
327           327           -0.143        -0.0199       -0.1629       -0.1629       
328           328           +0.0251       -0.0296       -0.0045       -0.0045       
329           329           -0.0178       -0.025        -0.0428       -0.0428       
330           330           -0.1829       -0.0186       -0.2015       -0.2015       
331           331           -0.0658       -0.0114       -0.0772       -0.0772       
332           332           +0.0092       -0.0378       -0.0286       -0.0286       
333           333           -0.0921       -0.0157       -0.1078       -0.1078       
334           334           -0.242        -0.0269       -0.2689       -0.2689       
335           335           -0.2327       -0.0271       -0.2598       -0.2598       
336           336           -0.053        -0.0156       -0.0686       -0.0686       
337           337           -0.0193       -0.0071       -0.0264       -0.0264       
338           338           -0.1731       -0.0244       -0.1975       -0.1975       
339           339           +0.0314       -0.0315       -0.0001       -0.0001       
