Frame         Time          Elec          VdW           Nonbond       Total         
0             0             +0            +0            +0            +0            
1             1             -0.0062       -0            -0.0062       -0.0062       
2             2             -0.375        -0.0092       -0.3842       -0.3842       
3             3             -0.3534       -0.1894       -0.5428       -0.5428       
4             4             +0.1316       -0.2576       -0.126        -0.126        
5             5             -0.3233       -1.0355       -1.3588       -1.3588       
6             6             +0.4665       -1.9233       -1.4568       -1.4568       
7             7             +1.1493       -2.1185       -0.9692       -0.9692       
8             8             +0.0891       -0.934        -0.8449       -0.8449       
9             9             -0.237        -0.0005       -0.2375       -0.2375       
10            10            -0.8115       -0.0078       -0.8193       -0.8193       
11            11            -0.3327       -0.0004       -0.3331       -0.3331       
12            12            -0.2546       -0.0002       -0.2548       -0.2548       
13            13            -0.829        -0.0071       -0.8361       -0.8361       
14            14            -0.2882       -0.0014       -0.2896       -0.2896       
15            15            -0.1848       -0            -0.1848       -0.1848       
16            16            -0.5461       -0.0005       -0.5466       -0.5466       
17            17            -0.2521       -0.0002       -0.2523       -0.2523       
18            18            +0            +0            +0            +0            
19            19            +0            +0            +0            +0            
20            20            +0.0013       -0.0015       -0.0002       -0.0002       
21            21            -0.1337       -0.002        -0.1357       -0.1357       
22            22            -0.126        -0.2064       -0.3324       -0.3324       
23            23            +0.0687       -0.0837       -0.015        -0.015        
24            24            +0.4903       -0.1362       +0.3541       +0.3541       
25            25            +0.0251       -0.2459       -0.2208       -0.2208       
26            26            +0.0603       -0.1135       -0.0532       -0.0532       
27            27            +0.9044       -0.1385       +0.7659       +0.7659       
28            28            +0.1424       -0.123        +0.0194       +0.0194       
29            29            +0.0602       -0.0746       -0.0144       -0.0144       
30            30            -0.1986       -0.2017       -0.4003       -0.4003       
31            31            +0.3248       -0.3018       +0.023        +0.023        
32            32            +1.1844       -0.1879       +0.9965       +0.9965       
33            33            +0.8833       -0.2445       +0.6388       +0.6388       
34            34            +0.2459       -0.5746       -0.3287       -0.3287       
35            35            +0.6206       -0.2216       +0.399        +0.399        
36            36            +0.0114       -0.3595       -0.3481       -0.3481       
37            37            -0.2007       -0.1149       -0.3156       -0.3156       
38            38            +0.4842       -0.1468       +0.3374       +0.3374       
39            39            +0.6521       -0.1504       +0.5017       +0.5017       
40            40            +0.4105       -0.1215       +0.289        +0.289        
41            41            +0.527        -0.0655       +0.4615       +0.4615       
42            42            +0.9253       -0.1142       +0.8111       +0.8111       
43            43            +0.8844       -0.2232       +0.6612       +0.6612       
44            44            +0.3927       -0.0717       +0.321        +0.321        
45            45            +0.7286       -0.1266       +0.602        +0.602        
46            46            +0.5926       -0.1579       +0.4347       +0.4347       
47            47            +0.5649       -0.2329       +0.332        +0.332        
48            48            +1.2856       -0.2137       +1.0719       +1.0719       
49            49            +0.3226       -0.0371       +0.2855       +0.2855       
50            50            +1.6302       -0.2757       +1.3545       +1.3545       
51            51            +1.0312       -0.2377       +0.7935       +0.7935       
52            52            +0.3688       -0.2512       +0.1176       +0.1176       
53            53            +0.6715       -0.1016       +0.5699       +0.5699       
54            54            +0.7871       -0.2367       +0.5504       +0.5504       
55            55            +0.454        -0.2029       +0.2511       +0.2511       
56            56            -0.3102       -0.4237       -0.7339       -0.7339       
57            57            +0.3211       -0.0929       +0.2282       +0.2282       
58            58            -0.1432       -0.1415       -0.2847       -0.2847       
59            59            +0.8549       -0.2875       +0.5674       +0.5674       
60            60            +0.8079       -0.3912       +0.4167       +0.4167       
61            61            +0.6503       -0.4261       +0.2242       +0.2242       
62            62            +0.389        -0.5787       -0.1897       -0.1897       
63            63            +0.3374       -0.6922       -0.3548       -0.3548       
64            64            +0.4414       -0.5429       -0.1015       -0.1015       
65            65            -0.2546       -0.4973       -0.7519       -0.7519       
66            66            +0.325        -0.2633       +0.0617       +0.0617       
67            67            -0.629        -0.5807       -1.2097       -1.2097       
68            68            -1.0868       -2.7406       -3.8274       -3.8274       
69            69            -1.0851       -2.5924       -3.6775       -3.6775       
70            70            -0.8437       -2.5625       -3.4062       -3.4062       
71            71            +0.3593       -3.5102       -3.1509       -3.1509       
72            72            +0.2218       -2.4837       -2.2619       -2.2619       
73            73            -0.0675       -3.2393       -3.3068       -3.3068       
74            74            +0.3999       -3.7533       -3.3534       -3.3534       
75            75            +0.5682       -3.1247       -2.5565       -2.5565       
76            76            +1.1609       -3.4251       -2.2642       -2.2642       
77            77            -1.5804       -4.0214       -5.6018       -5.6018       
78            78            +0.0781       -3.9085       -3.8304       -3.8304       
79            79            -0.2294       -3.5681       -3.7975       -3.7975       
80            80            +0.771        -3.5308       -2.7598       -2.7598       
81            81            +0.2881       -5.6922       -5.4041       -5.4041       
82            82            +0.0674       -5.4158       -5.3484       -5.3484       
83            83            +0.7284       -3.1481       -2.4197       -2.4197       
84            84            +0.5991       -3.7748       -3.1757       -3.1757       
85            85            +0.1018       -4.6033       -4.5015       -4.5015       
86            86            +0.4073       -6.1134       -5.7061       -5.7061       
87            87            +0.588        -5.4653       -4.8773       -4.8773       
88            88            -0.1344       -5.2117       -5.3461       -5.3461       
89            89            +0.1229       -4.0184       -3.8955       -3.8955       
90            90            +0.5181       -3.0778       -2.5597       -2.5597       
91            91            +1.7673       -3.0092       -1.2419       -1.2419       
92            92            +0.9939       -5.4868       -4.4929       -4.4929       
93            93            +1.424        -5.2274       -3.8034       -3.8034       
94            94            -0.5549       -4.7281       -5.283        -5.283        
95            95            +0.2871       -5.2238       -4.9367       -4.9367       
96            96            -1.5894       -3.2917       -4.8811       -4.8811       
97            97            -0.6026       -4.7283       -5.3309       -5.3309       
98            98            -0.4508       -4.4989       -4.9497       -4.9497       
99            99            -1.0209       -4.0622       -5.0831       -5.0831       
100           100           +0.011        -4.5595       -4.5485       -4.5485       
101           101           +0.6758       -4.1598       -3.484        -3.484        
102           102           -1.3671       -5.7242       -7.0913       -7.0913       
103           103           +0.0159       -4.5434       -4.5275       -4.5275       
104           104           +0.4012       -4.7038       -4.3026       -4.3026       
105           105           -0.1522       -4.4442       -4.5964       -4.5964       
106           106           +0.7995       -5.0006       -4.2011       -4.2011       
107           107           -0.0115       -5.2458       -5.2573       -5.2573       
108           108           -0.2454       -4.8628       -5.1082       -5.1082       
109           109           -0.3486       -4.2107       -4.5593       -4.5593       
110           110           +0.583        -4.1139       -3.5309       -3.5309       
111           111           -0.0161       -6.3694       -6.3855       -6.3855       
112           112           -0.7331       -5.0235       -5.7566       -5.7566       
113           113           +1.0213       -4.8704       -3.8491       -3.8491       
114           114           +0.853        -2.2639       -1.4109       -1.4109       
115           115           -0.3653       -4.2989       -4.6642       -4.6642       
116           116           -0.2788       -3.649        -3.9278       -3.9278       
117           117           -0.2132       -5.2307       -5.4439       -5.4439       
118           118           +0.2182       -5.9642       -5.746        -5.746        
119           119           -0.0602       -5.6431       -5.7033       -5.7033       
120           120           -0.6827       -4.8959       -5.5786       -5.5786       
121           121           -0.0026       -5.1212       -5.1238       -5.1238       
122           122           -0.3665       -4.1777       -4.5442       -4.5442       
123           123           +0.7161       -4.8449       -4.1288       -4.1288       
124           124           -0.8877       -3.9677       -4.8554       -4.8554       
125           125           +0.4825       -3.8133       -3.3308       -3.3308       
126           126           -0.036        -3.2538       -3.2898       -3.2898       
127           127           +0.5976       -4.2592       -3.6616       -3.6616       
128           128           -0.9066       -5.2082       -6.1148       -6.1148       
129           129           -0.5901       -2.7999       -3.39         -3.39         
130           130           +0.3306       -5.216        -4.8854       -4.8854       
131           131           +0.6154       -5.4142       -4.7988       -4.7988       
132           132           -0.2445       -4.3691       -4.6136       -4.6136       
133           133           -0.6819       -4.3048       -4.9867       -4.9867       
134           134           -0.1058       -4.7523       -4.8581       -4.8581       
135           135           -0.972        -4.8942       -5.8662       -5.8662       
136           136           -0.0373       -3.7783       -3.8156       -3.8156       
137           137           -0.7715       -4.0297       -4.8012       -4.8012       
138           138           -1.5903       -4.4326       -6.0229       -6.0229       
139           139           -0.2543       -4.0181       -4.2724       -4.2724       
140           140           -1.1225       -4.4711       -5.5936       -5.5936       
141           141           -1.3077       -3.4554       -4.7631       -4.7631       
142           142           -0.387        -3.7195       -4.1065       -4.1065       
143           143           +0.1014       -3.7897       -3.6883       -3.6883       
144           144           +0.1921       -3.6491       -3.457        -3.457        
145           145           -1.514        -4.7744       -6.2884       -6.2884       
146           146           +0.0022       -3.6755       -3.6733       -3.6733       
147           147           -0.225        -3.9546       -4.1796       -4.1796       
148           148           -0.6546       -5.2606       -5.9152       -5.9152       
149           149           +0.2874       -3.9157       -3.6283       -3.6283       
150           150           -0.402        -4.4232       -4.8252       -4.8252       
151           151           -0.7364       -3.6377       -4.3741       -4.3741       
152           152           +0.1738       -4.2934       -4.1196       -4.1196       
153           153           -1.1114       -5.4992       -6.6106       -6.6106       
154           154           -2.9735       -6.2891       -9.2626       -9.2626       
155           155           -2.4323       -6.3494       -8.7817       -8.7817       
156           156           -2.254        -6.3828       -8.6368       -8.6368       
157           157           -3.6606       -5.0929       -8.7535       -8.7535       
158           158           -3.4838       -6.3601       -9.8439       -9.8439       
159           159           -3.2887       -7.0031       -10.2918      -10.2918      
160           160           -3.208        -4.5889       -7.7969       -7.7969       
161           161           -2.4804       -7.6188       -10.0992      -10.0992      
162           162           -2.0324       -6.935        -8.9674       -8.9674       
163           163           -2.3063       -3.8358       -6.1421       -6.1421       
164           164           -1.1759       -3.9645       -5.1404       -5.1404       
165           165           -2.4529       -6.2379       -8.6908       -8.6908       
166           166           -1.5081       -5.1397       -6.6478       -6.6478       
167           167           -2.0541       -6.3959       -8.45         -8.45         
168           168           -1.8469       -4.2026       -6.0495       -6.0495       
169           169           +0.0983       -4.8245       -4.7262       -4.7262       
170           170           -1.1434       -3.7788       -4.9222       -4.9222       
171           171           -2.3115       -5.5089       -7.8204       -7.8204       
172           172           -1.6526       -3.3955       -5.0481       -5.0481       
173           173           -0.8248       -4.2513       -5.0761       -5.0761       
174           174           -1.4518       -4.2971       -5.7489       -5.7489       
175           175           -1.0608       -4.6972       -5.758        -5.758        
176           176           -2.0491       -3.6366       -5.6857       -5.6857       
177           177           -2.2404       -4.4723       -6.7127       -6.7127       
178           178           -1.344        -4.8754       -6.2194       -6.2194       
179           179           -2.6574       -4.8516       -7.509        -7.509        
180           180           -3.5577       -6.9866       -10.5443      -10.5443      
181           181           -2.2848       -2.5111       -4.7959       -4.7959       
182           182           -1.5665       -3.8758       -5.4423       -5.4423       
183           183           -1.2143       -3.4048       -4.6191       -4.6191       
184           184           -1.519        -3.1386       -4.6576       -4.6576       
185           185           -2.6304       -5.622        -8.2524       -8.2524       
186           186           -0.8679       -4.8125       -5.6804       -5.6804       
187           187           -1.4728       -3.9363       -5.4091       -5.4091       
188           188           -1.6985       -4.9882       -6.6867       -6.6867       
189           189           -0.6687       -4.8079       -5.4766       -5.4766       
190           190           -0.7845       -3.4642       -4.2487       -4.2487       
191           191           -0.8643       -4.9115       -5.7758       -5.7758       
192           192           -1.7712       -5.6404       -7.4116       -7.4116       
193           193           -1.508        -4.447        -5.955        -5.955        
194           194           -1.4607       -4.118        -5.5787       -5.5787       
195           195           -1.3596       -3.6984       -5.058        -5.058        
196           196           -1.4197       -4.8684       -6.2881       -6.2881       
197           197           -1.751        -5.0621       -6.8131       -6.8131       
198           198           -1.533        -2.725        -4.258        -4.258        
199           199           -0.9477       -4.0592       -5.0069       -5.0069       
200           200           -1.6281       -4.327        -5.9551       -5.9551       
201           201           -1.3379       -4.6031       -5.941        -5.941        
202           202           -1.3791       -2.9934       -4.3725       -4.3725       
203           203           -0.2021       -4.4038       -4.6059       -4.6059       
204           204           -1.4915       -4.3475       -5.839        -5.839        
205           205           -1.7499       -5.4174       -7.1673       -7.1673       
206           206           -1.5081       -4.154        -5.6621       -5.6621       
207           207           -1.3103       -4.7834       -6.0937       -6.0937       
208           208           -1.1552       -4.4049       -5.5601       -5.5601       
209           209           -0.9905       -4.5313       -5.5218       -5.5218       
210           210           -1.1459       -3.9282       -5.0741       -5.0741       
211           211           -0.9497       -4.6067       -5.5564       -5.5564       
212           212           -1.159        -5.0882       -6.2472       -6.2472       
213           213           -1.1742       -3.8171       -4.9913       -4.9913       
214           214           -1.2895       -4.5114       -5.8009       -5.8009       
215           215           -1.0858       -3.3179       -4.4037       -4.4037       
216           216           -1.8762       -4.643        -6.5192       -6.5192       
217           217           -0.5751       -4.7461       -5.3212       -5.3212       
218           218           -1.3438       -3.9508       -5.2946       -5.2946       
219           219           -1.3565       -5.0757       -6.4322       -6.4322       
220           220           -0.1269       -4.812        -4.9389       -4.9389       
221           221           -0.3253       -2.2724       -2.5977       -2.5977       
222           222           -1.4251       -3.9019       -5.327        -5.327        
223           223           -1.3469       -2.4649       -3.8118       -3.8118       
224           224           -0.9113       -5.2148       -6.1261       -6.1261       
225           225           -0.7821       -4.2519       -5.034        -5.034        
226           226           +0.4422       -4.5522       -4.11         -4.11         
227           227           -0.5555       -3.3239       -3.8794       -3.8794       
228           228           -0.554        -3.758        -4.312        -4.312        
229           229           -1.95         -5.2976       -7.2476       -7.2476       
230           230           -1.0333       -4.9007       -5.934        -5.934        
231           231           -0.3728       -4.7803       -5.1531       -5.1531       
232           232           -1.0024       -4.8458       -5.8482       -5.8482       
233           233           -1.1021       -5.294        -6.3961       -6.3961       
234           234           -1.5692       -4.0497       -5.6189       -5.6189       
235           235           -0.1061       -4.3596       -4.4657       -4.4657       
236           236           -0.6228       -3.6918       -4.3146       -4.3146       
237           237           -2.115        -5.6673       -7.7823       -7.7823       
238           238           -0.1388       -5.495        -5.6338       -5.6338       
239           239           -1.4946       -4.8903       -6.3849       -6.3849       
240           240           -0.5264       -4.765        -5.2914       -5.2914       
241           241           -1.4254       -5.556        -6.9814       -6.9814       
242           242           +0.7272       -4.9868       -4.2596       -4.2596       
243           243           -1.1975       -4.0309       -5.2284       -5.2284       
244           244           -0.4133       -4.7432       -5.1565       -5.1565       
245           245           -0.9346       -3.9064       -4.841        -4.841        
246           246           -0.9537       -3.6474       -4.6011       -4.6011       
247           247           -1.1813       -3.9654       -5.1467       -5.1467       
248           248           -1.704        -4.4926       -6.1966       -6.1966       
249           249           -1.7051       -3.822        -5.5271       -5.5271       
250           250           -1.5174       -4.7973       -6.3147       -6.3147       
251           251           -1.9397       -4.8012       -6.7409       -6.7409       
252           252           -2.3448       -4.9536       -7.2984       -7.2984       
253           253           -1.613        -2.914        -4.527        -4.527        
254           254           -1.5731       -4.7208       -6.2939       -6.2939       
255           255           -1.8632       -4.1745       -6.0377       -6.0377       
256           256           -1.9083       -5.8144       -7.7227       -7.7227       
257           257           -1.295        -4.8469       -6.1419       -6.1419       
258           258           -1.1079       -3.1844       -4.2923       -4.2923       
259           259           -1.8032       -3.8999       -5.7031       -5.7031       
260           260           -1.739        -4.6889       -6.4279       -6.4279       
261           261           -1.5833       -3.6396       -5.2229       -5.2229       
262           262           -1.6412       -4.1474       -5.7886       -5.7886       
263           263           -0.8719       -3.5193       -4.3912       -4.3912       
264           264           -1.2041       -4.1396       -5.3437       -5.3437       
265           265           -1.0624       -2.4902       -3.5526       -3.5526       
266           266           -1.5955       -4.3611       -5.9566       -5.9566       
267           267           -1.2881       -4.5276       -5.8157       -5.8157       
268           268           -1.7162       -4.0072       -5.7234       -5.7234       
269           269           -1.9956       -5.1565       -7.1521       -7.1521       
270           270           -1.9792       -3.6086       -5.5878       -5.5878       
271           271           -0.8378       -3.4522       -4.29         -4.29         
272           272           -1.1979       -4.1198       -5.3177       -5.3177       
273           273           -2.1078       -4.2151       -6.3229       -6.3229       
274           274           -1.5099       -4.2856       -5.7955       -5.7955       
275           275           -1.8019       -4.6278       -6.4297       -6.4297       
276           276           -1.1702       -2.6217       -3.7919       -3.7919       
277           277           -1.4173       -4.3145       -5.7318       -5.7318       
278           278           -1.2545       -4.4886       -5.7431       -5.7431       
279           279           -0.7897       -2.0455       -2.8352       -2.8352       
280           280           -1.5644       -4.07         -5.6344       -5.6344       
281           281           -1.4794       -5.5091       -6.9885       -6.9885       
282           282           -1.8553       -3.696        -5.5513       -5.5513       
283           283           -1.7809       -4.6619       -6.4428       -6.4428       
284           284           -1.8779       -3.5037       -5.3816       -5.3816       
285           285           -1.9678       -4.5787       -6.5465       -6.5465       
286           286           -1.0038       -4.4262       -5.43         -5.43         
287           287           -2.122        -4.3921       -6.5141       -6.5141       
288           288           -0.7843       -3.15         -3.9343       -3.9343       
289           289           -1.2892       -4.1039       -5.3931       -5.3931       
290           290           -0.3877       -2.7565       -3.1442       -3.1442       
291           291           -1.0629       -3.9467       -5.0096       -5.0096       
292           292           -1.6831       -3.5552       -5.2383       -5.2383       
293           293           -2.2285       -3.092        -5.3205       -5.3205       
294           294           -1.7767       -2.6155       -4.3922       -4.3922       
295           295           -1.0857       -2.2143       -3.3          -3.3          
296           296           -0.9915       -2.2321       -3.2236       -3.2236       
297           297           -0.5333       -1.3606       -1.8939       -1.8939       
298           298           -0.7069       -1.3718       -2.0787       -2.0787       
299           299           -0.81         -0.9399       -1.7499       -1.7499       
300           300           -0.9647       -1.1777       -2.1424       -2.1424       
301           301           -1.8239       -0.5289       -2.3528       -2.3528       
302           302           -1.4787       -1.7971       -3.2758       -3.2758       
303           303           -1.0522       -1.6115       -2.6637       -2.6637       
304           304           -0.6881       -1.5585       -2.2466       -2.2466       
305           305           -0.4832       -1.6947       -2.1779       -2.1779       
306           306           -1.1247       -1.5827       -2.7074       -2.7074       
307           307           -0.5527       -1.371        -1.9237       -1.9237       
308           308           -1.0624       -2.3502       -3.4126       -3.4126       
309           309           -1.779        -3.2065       -4.9855       -4.9855       
310           310           -4.0226       -1.2535       -5.2761       -5.2761       
311           311           -2.5007       -3.7841       -6.2848       -6.2848       
312           312           -1.2186       -1.2383       -2.4569       -2.4569       
313           313           -1.4819       -1.8197       -3.3016       -3.3016       
314           314           -3.6453       -2.4455       -6.0908       -6.0908       
315           315           -2.7858       -1.9736       -4.7594       -4.7594       
316           316           -2.3635       -1.2789       -3.6424       -3.6424       
317           317           -1.1853       -0.3457       -1.531        -1.531        
318           318           -1.6127       -1.8457       -3.4584       -3.4584       
319           319           -1.8477       -1.7168       -3.5645       -3.5645       
320           320           -0.4034       -0.2061       -0.6095       -0.6095       
321           321           -0.9864       -0.2174       -1.2038       -1.2038       
322           322           -1.1429       -0.2346       -1.3775       -1.3775       
323           323           -0.6174       -0.0581       -0.6755       -0.6755       
324           324           -0.1298       -0.0416       -0.1714       -0.1714       
325           325           -0.1593       -0.0481       -0.2074       -0.2074       
326           326           -0.3026       -0.0802       -0.3828       -0.3828       
327           327           -1.6159       -0.1254       -1.7413       -1.7413       
328           328           -1.3199       -0.4087       -1.7286       -1.7286       
329           329           -2.4399       -0.2522       -2.6921       -2.6921       
330           330           -0.7395       -0.0206       -0.7601       -0.7601       
331           331           -1.5567       -0.0462       -1.6029       -1.6029       
332           332           -1.1166       -0.0522       -1.1688       -1.1688       
333           333           -1.1337       -0.0274       -1.1611       -1.1611       
334           334           -0.5718       -0.0287       -0.6005       -0.6005       
335           335           -0.6493       -0.0326       -0.6819       -0.6819       
336           336           -0.2978       -0.0314       -0.3292       -0.3292       
337           337           -0.3619       -0.0089       -0.3708       -0.3708       
338           338           -1.2452       -0.0327       -1.2779       -1.2779       
339           339           -1.2801       -0.0657       -1.3458       -1.3458       
