Frame         Time          Elec          VdW           Nonbond       Total         
0             0             +0            +0            +0            +0            
1             1             +0            +0            +0            +0            
2             2             -0.021        -0.0012       -0.0222       -0.0222       
3             3             -0.0164       -0.0132       -0.0296       -0.0296       
4             4             +0.0439       -0.0597       -0.0158       -0.0158       
5             5             -0.2102       -0.0313       -0.2415       -0.2415       
6             6             -0.0621       -0.0061       -0.0682       -0.0682       
7             7             -0.2535       -0.0092       -0.2627       -0.2627       
8             8             -0.0788       -0.0177       -0.0965       -0.0965       
9             9             +0            +0            +0            +0            
10            10            -0.0168       -0.0022       -0.019        -0.019        
11            11            +0.006        -0            +0.006        +0.006        
12            12            +0.0068       -0            +0.0068       +0.0068       
13            13            -0.1562       -0.0051       -0.1613       -0.1613       
14            14            -0.1025       -0.0103       -0.1128       -0.1128       
15            15            -0.0108       -0.0001       -0.0109       -0.0109       
16            16            +0.0013       -0            +0.0013       +0.0013       
17            17            -0            -0            -0            -0            
18            18            +0.0002       -0            +0.0002       +0.0002       
19            19            +0.2031       -0.0045       +0.1986       +0.1986       
20            20            +0.0201       -0            +0.0201       +0.0201       
21            21            +0            +0            +0            +0            
22            22            +0            +0            +0            +0            
23            23            +0.1468       -0.0057       +0.1411       +0.1411       
24            24            +0.0438       -0.001        +0.0428       +0.0428       
25            25            -0.3115       -0.0179       -0.3294       -0.3294       
26            26            -0.0438       -0.0018       -0.0456       -0.0456       
27            27            +0            +0            +0            +0            
28            28            +0            +0            +0            +0            
29            29            +0.064        -0.0009       +0.0631       +0.0631       
30            30            +0.0213       -0.0048       +0.0165       +0.0165       
31            31            +0.0163       -0            +0.0163       +0.0163       
32            32            +0            +0            +0            +0            
33            33            +0.0166       -0.0024       +0.0142       +0.0142       
34            34            +0.0256       -0.0019       +0.0237       +0.0237       
35            35            +0.021        -0.0005       +0.0205       +0.0205       
36            36            +0.023        -0.0001       +0.0229       +0.0229       
37            37            +0.0041       -0            +0.0041       +0.0041       
38            38            +0            +0            +0            +0            
39            39            +0            +0            +0            +0            
40            40            +0            +0            +0            +0            
41            41            +0            +0            +0            +0            
42            42            +0.0034       -0            +0.0034       +0.0034       
43            43            +0.0117       -0            +0.0117       +0.0117       
44            44            +0.0041       -0.0002       +0.0039       +0.0039       
45            45            -0.02         -0.0008       -0.0208       -0.0208       
46            46            +0.0023       -0            +0.0023       +0.0023       
47            47            +0.0201       -0.0008       +0.0193       +0.0193       
48            48            +0.0225       -0.0016       +0.0209       +0.0209       
49            49            +0            +0            +0            +0            
50            50            +0.0307       -0.0001       +0.0306       +0.0306       
51            51            +0            +0            +0            +0            
52            52            +0.0071       -0            +0.0071       +0.0071       
53            53            +0.0245       -0.0001       +0.0244       +0.0244       
54            54            +0.0639       -0.0037       +0.0602       +0.0602       
55            55            +0.0082       -0            +0.0082       +0.0082       
56            56            +0.0137       -0            +0.0137       +0.0137       
57            57            +0.0001       -0            +0.0001       +0.0001       
58            58            +0.0175       -0            +0.0175       +0.0175       
59            59            +0.0527       -0.0026       +0.0501       +0.0501       
60            60            +0.0334       -0.0001       +0.0333       +0.0333       
61            61            -0.0297       -0.0086       -0.0383       -0.0383       
62            62            +0.0449       -0.0041       +0.0408       +0.0408       
63            63            +0.068        -0.0021       +0.0659       +0.0659       
64            64            +0.0417       -0.0007       +0.041        +0.041        
65            65            -0.1378       -0.0043       -0.1421       -0.1421       
66            66            -0.0023       -0.0189       -0.0212       -0.0212       
67            67            -0.434        -0.0409       -0.4749       -0.4749       
68            68            -0.3933       -1.1468       -1.5401       -1.5401       
69            69            -0.7322       -1.0808       -1.813        -1.813        
70            70            -0.4564       -1.2358       -1.6922       -1.6922       
71            71            -0.6043       -0.3591       -0.9634       -0.9634       
72            72            -0.3801       -0.5344       -0.9145       -0.9145       
73            73            -0.2365       -0.9987       -1.2352       -1.2352       
74            74            -0.4938       -0.9264       -1.4202       -1.4202       
75            75            -0.374        -0.0607       -0.4347       -0.4347       
76            76            -0.5776       -1.0957       -1.6733       -1.6733       
77            77            -0.1495       -0.6523       -0.8018       -0.8018       
78            78            -0.7706       -0.3479       -1.1185       -1.1185       
79            79            -0.7155       -0.4844       -1.1999       -1.1999       
80            80            -0.4776       -0.1476       -0.6252       -0.6252       
81            81            -0.4146       -1.1562       -1.5708       -1.5708       
82            82            -0.3901       -0.8073       -1.1974       -1.1974       
83            83            -0.6486       -1.3541       -2.0027       -2.0027       
84            84            -0.4985       -1.2205       -1.719        -1.719        
85            85            +0.1253       -0.9715       -0.8462       -0.8462       
86            86            -0.6281       -0.0589       -0.687        -0.687        
87            87            -0.1041       -1.7348       -1.8389       -1.8389       
88            88            -0.7775       -1.7716       -2.5491       -2.5491       
89            89            -0.3407       -0.9276       -1.2683       -1.2683       
90            90            -0.6432       -1.4091       -2.0523       -2.0523       
91            91            +0.0064       -1.506        -1.4996       -1.4996       
92            92            -0.3263       -2.0211       -2.3474       -2.3474       
93            93            -0.5712       -1.4925       -2.0637       -2.0637       
94            94            -0.6903       -1.1893       -1.8796       -1.8796       
95            95            -0.5713       -1.6229       -2.1942       -2.1942       
96            96            -0.4859       -1.7563       -2.2422       -2.2422       
97            97            -0.5217       -1.8739       -2.3956       -2.3956       
98            98            -0.6844       -1.3129       -1.9973       -1.9973       
99            99            -0.774        -1.7033       -2.4773       -2.4773       
100           100           -0.2455       -1.5538       -1.7993       -1.7993       
101           101           -1.6138       -1.5406       -3.1544       -3.1544       
102           102           +0.0088       -1.0705       -1.0617       -1.0617       
103           103           -0.342        +0.1354       -0.2066       -0.2066       
104           104           -1.0857       -1.8202       -2.9059       -2.9059       
105           105           -0.9005       -1.5821       -2.4826       -2.4826       
106           106           -0.6779       -0.6105       -1.2884       -1.2884       
107           107           -0.1334       -1.4983       -1.6317       -1.6317       
108           108           -0.446        -1.7493       -2.1953       -2.1953       
109           109           -0.6541       -2.0514       -2.7055       -2.7055       
110           110           +0.5381       -1.1095       -0.5714       -0.5714       
111           111           -0.5031       -1.5681       -2.0712       -2.0712       
112           112           -0.1874       -0.9174       -1.1048       -1.1048       
113           113           -0.249        -1.5028       -1.7518       -1.7518       
114           114           -0.0774       -0.7974       -0.8748       -0.8748       
115           115           -0.6479       -1.344        -1.9919       -1.9919       
116           116           -1.0334       -1.7112       -2.7446       -2.7446       
117           117           -0.5666       -1.017        -1.5836       -1.5836       
118           118           -0.6768       -1.5859       -2.2627       -2.2627       
119           119           -0.8458       -0.5793       -1.4251       -1.4251       
120           120           -1.7466       -1.3047       -3.0513       -3.0513       
121           121           -0.7152       -1.7995       -2.5147       -2.5147       
122           122           -0.9914       +0.172        -0.8194       -0.8194       
123           123           -0.6158       -1.3176       -1.9334       -1.9334       
124           124           -0.127        -1.5809       -1.7079       -1.7079       
125           125           -2.1491       -1.9157       -4.0648       -4.0648       
126           126           -0.7502       -1.4815       -2.2317       -2.2317       
127           127           -0.5955       -1.3387       -1.9342       -1.9342       
128           128           -1.0743       -1.1173       -2.1916       -2.1916       
129           129           -0.5437       -2.0217       -2.5654       -2.5654       
130           130           -0.4133       -1.8297       -2.243        -2.243        
131           131           +0.1039       -1.7926       -1.6887       -1.6887       
132           132           -0.2463       -1.7867       -2.033        -2.033        
133           133           -1.0757       -1.5836       -2.6593       -2.6593       
134           134           -0.4101       -1.5198       -1.9299       -1.9299       
135           135           -0.5539       -1.3455       -1.8994       -1.8994       
136           136           -0.8076       -1.8302       -2.6378       -2.6378       
137           137           -0.8853       -1.6982       -2.5835       -2.5835       
138           138           -0.9391       +0.3854       -0.5537       -0.5537       
139           139           -0.9297       -1.4107       -2.3404       -2.3404       
140           140           -0.7528       -1.5395       -2.2923       -2.2923       
141           141           -0.9275       -0.5121       -1.4396       -1.4396       
142           142           -0.7558       -1.4433       -2.1991       -2.1991       
143           143           -1.3411       -1.9188       -3.2599       -3.2599       
144           144           -0.3137       -0.5357       -0.8494       -0.8494       
145           145           -1.4931       -1.1471       -2.6402       -2.6402       
146           146           -0.1861       -1.0885       -1.2746       -1.2746       
147           147           -0.853        -1.5559       -2.4089       -2.4089       
148           148           -1.1987       -0.4269       -1.6256       -1.6256       
149           149           -0.3081       -0.7498       -1.0579       -1.0579       
150           150           -0.7361       -1.3943       -2.1304       -2.1304       
151           151           -0.9433       -0.8521       -1.7954       -1.7954       
152           152           -0.6121       -1.3055       -1.9176       -1.9176       
153           153           -0.4055       -0.7424       -1.1479       -1.1479       
154           154           -0.3393       -0.7811       -1.1204       -1.1204       
155           155           -0.473        -1.0421       -1.5151       -1.5151       
156           156           -0.7823       -0.9976       -1.7799       -1.7799       
157           157           -0.442        -1.049        -1.491        -1.491        
158           158           -0.9602       -1.0534       -2.0136       -2.0136       
159           159           -0.3052       -0.6816       -0.9868       -0.9868       
160           160           -0.9688       -0.6954       -1.6642       -1.6642       
161           161           -0.2792       -0.9765       -1.2557       -1.2557       
162           162           -0.7148       -0.1414       -0.8562       -0.8562       
163           163           -0.2666       -1.085        -1.3516       -1.3516       
164           164           -0.3657       -0.9381       -1.3038       -1.3038       
165           165           -0.3352       -0.4721       -0.8073       -0.8073       
166           166           -0.7489       -0.9161       -1.665        -1.665        
167           167           -0.5611       -0.3806       -0.9417       -0.9417       
168           168           +0.1732       -1.7447       -1.5715       -1.5715       
169           169           -0.416        -1.1471       -1.5631       -1.5631       
170           170           -0.4472       -1.5022       -1.9494       -1.9494       
171           171           -0.0215       -0.7063       -0.7278       -0.7278       
172           172           -1.1941       -1.1357       -2.3298       -2.3298       
173           173           -0.441        -1.7217       -2.1627       -2.1627       
174           174           -0.3701       -1.7874       -2.1575       -2.1575       
175           175           -0.7096       +0.2122       -0.4974       -0.4974       
176           176           -0.8225       -0.884        -1.7065       -1.7065       
177           177           -0.807        -1.5567       -2.3637       -2.3637       
178           178           -0.1924       -0.8968       -1.0892       -1.0892       
179           179           -0.3664       -1.4851       -1.8515       -1.8515       
180           180           -1.0364       -0.4558       -1.4922       -1.4922       
181           181           -0.7644       -1.2091       -1.9735       -1.9735       
182           182           -0.4078       -1.1519       -1.5597       -1.5597       
183           183           -1.2323       -0.6847       -1.917        -1.917        
184           184           -0.3057       -0.9048       -1.2105       -1.2105       
185           185           -1.1376       -1.9197       -3.0573       -3.0573       
186           186           +0.1032       -0.9066       -0.8034       -0.8034       
187           187           +0.6499       -0.8241       -0.1742       -0.1742       
188           188           +0.0238       -1.3281       -1.3043       -1.3043       
189           189           -0.0627       -1.3611       -1.4238       -1.4238       
190           190           -0.0202       -1.4422       -1.4624       -1.4624       
191           191           -0.4042       -1.1466       -1.5508       -1.5508       
192           192           -0.2291       -1.7373       -1.9664       -1.9664       
193           193           -0.541        -1.6824       -2.2234       -2.2234       
194           194           -0.359        -2.0954       -2.4544       -2.4544       
195           195           -0.4785       -1.5517       -2.0302       -2.0302       
196           196           -0.5289       -1.0593       -1.5882       -1.5882       
197           197           +0.0699       -1.8757       -1.8058       -1.8058       
198           198           +0.037        -1.4908       -1.4538       -1.4538       
199           199           -0.9079       -1.8567       -2.7646       -2.7646       
200           200           -1.7548       -1.5067       -3.2615       -3.2615       
201           201           -0.7197       -1.6444       -2.3641       -2.3641       
202           202           -0.3636       -1.8812       -2.2448       -2.2448       
203           203           -0.3636       -1.6          -1.9636       -1.9636       
204           204           -0.9338       -1.7059       -2.6397       -2.6397       
205           205           +0.3547       -1.5299       -1.1752       -1.1752       
206           206           -0.2283       -1.2651       -1.4934       -1.4934       
207           207           -1.2613       -1.2352       -2.4965       -2.4965       
208           208           -0.2593       -1.6887       -1.948        -1.948        
209           209           -0.242        -1.694        -1.936        -1.936        
210           210           -0.2628       -1.8438       -2.1066       -2.1066       
211           211           -0.4739       -1.8814       -2.3553       -2.3553       
212           212           +0.1326       -1.4432       -1.3106       -1.3106       
213           213           -0.3392       -1.9446       -2.2838       -2.2838       
214           214           -0.5245       -1.4663       -1.9908       -1.9908       
215           215           -0.3447       -1.4864       -1.8311       -1.8311       
216           216           -0.3969       -1.4242       -1.8211       -1.8211       
217           217           -0.2545       -1.1447       -1.3992       -1.3992       
218           218           -0.5227       -1.9226       -2.4453       -2.4453       
219           219           -0.2318       -1.9672       -2.199        -2.199        
220           220           -0.6822       -0.8194       -1.5016       -1.5016       
221           221           -0.3435       -1.3637       -1.7072       -1.7072       
222           222           -0.0731       -0.7165       -0.7896       -0.7896       
223           223           -0.421        -0.874        -1.295        -1.295        
224           224           +0.0956       -1.1171       -1.0215       -1.0215       
225           225           -0.2452       -0.9257       -1.1709       -1.1709       
226           226           -0.6106       -1.5375       -2.1481       -2.1481       
227           227           -0.7374       -1.4397       -2.1771       -2.1771       
228           228           -0.9814       +0.1046       -0.8768       -0.8768       
229           229           -0.4438       -1.1544       -1.5982       -1.5982       
230           230           -1.3443       -1.6735       -3.0178       -3.0178       
231           231           -0.6147       -1.6536       -2.2683       -2.2683       
232           232           -0.3691       -1.2609       -1.63         -1.63         
233           233           -0.0242       -1.1518       -1.176        -1.176        
234           234           -1.2463       -1.4892       -2.7355       -2.7355       
235           235           -0.4113       -1.4546       -1.8659       -1.8659       
236           236           -0.3653       -1.0263       -1.3916       -1.3916       
237           237           -0.1549       -1.3646       -1.5195       -1.5195       
238           238           -0.8455       -1.8033       -2.6488       -2.6488       
239           239           -0.8327       -1.5451       -2.3778       -2.3778       
240           240           -0.6014       -1.4624       -2.0638       -2.0638       
241           241           -0.5841       -1.7215       -2.3056       -2.3056       
242           242           -0.4689       +0.8853       +0.4164       +0.4164       
243           243           -0.7522       -1.2528       -2.005        -2.005        
244           244           -0.5053       -1.5042       -2.0095       -2.0095       
245           245           -0.6682       +0.2511       -0.4171       -0.4171       
246           246           -0.6458       -0.9119       -1.5577       -1.5577       
247           247           -0.6174       -2.0206       -2.638        -2.638        
248           248           -0.6345       -1.8063       -2.4408       -2.4408       
249           249           -0.5881       -1.8727       -2.4608       -2.4608       
250           250           -0.4563       -1.0536       -1.5099       -1.5099       
251           251           +0.0596       -0.7285       -0.6689       -0.6689       
252           252           -0.6957       -0.6977       -1.3934       -1.3934       
253           253           -0.5527       -1.6202       -2.1729       -2.1729       
254           254           -0.4658       -1.1497       -1.6155       -1.6155       
255           255           -0.2593       -0.8803       -1.1396       -1.1396       
256           256           -0.5738       -1.3283       -1.9021       -1.9021       
257           257           -0.5148       -1.7886       -2.3034       -2.3034       
258           258           -0.3138       -1.634        -1.9478       -1.9478       
259           259           -0.2824       -1.8408       -2.1232       -2.1232       
260           260           +0.4585       -1.3793       -0.9208       -0.9208       
261           261           -0.6008       -1.1842       -1.785        -1.785        
262           262           -0.4225       -1.9147       -2.3372       -2.3372       
263           263           -0.2076       -1.7307       -1.9383       -1.9383       
264           264           -0.2035       -1.6619       -1.8654       -1.8654       
265           265           -0.1647       -2.1179       -2.2826       -2.2826       
266           266           -0.354        -1.5162       -1.8702       -1.8702       
267           267           -0.2913       -0.9606       -1.2519       -1.2519       
268           268           -0.5185       -1.7309       -2.2494       -2.2494       
269           269           -1.0981       -1.695        -2.7931       -2.7931       
270           270           -1.3727       -2.0951       -3.4678       -3.4678       
271           271           -1.0948       -1.8788       -2.9736       -2.9736       
272           272           -0.5381       -1.3111       -1.8492       -1.8492       
273           273           -0.3487       -1.737        -2.0857       -2.0857       
274           274           -0.7786       -1.5033       -2.2819       -2.2819       
275           275           -0.4419       -1.8048       -2.2467       -2.2467       
276           276           -0.6181       -1.2287       -1.8468       -1.8468       
277           277           -0.272        -1.4289       -1.7009       -1.7009       
278           278           -0.2163       -1.9513       -2.1676       -2.1676       
279           279           -0.5443       -1.4594       -2.0037       -2.0037       
280           280           -0.1429       -2.0109       -2.1538       -2.1538       
281           281           -0.26         -0.3464       -0.6064       -0.6064       
282           282           -0.0603       -1.9196       -1.9799       -1.9799       
283           283           -0.7184       -1.5085       -2.2269       -2.2269       
284           284           -0.3623       -1.4336       -1.7959       -1.7959       
285           285           -0.5252       -1.3215       -1.8467       -1.8467       
286           286           -0.8373       -1.9377       -2.775        -2.775        
287           287           -0.6388       -1.7845       -2.4233       -2.4233       
288           288           -0.7541       -1.7753       -2.5294       -2.5294       
289           289           -0.4625       -1.7322       -2.1947       -2.1947       
290           290           -0.3079       -0.7293       -1.0372       -1.0372       
291           291           -0.4324       -1.681        -2.1134       -2.1134       
292           292           -0.5193       -1.9188       -2.4381       -2.4381       
293           293           -1.4267       -1.5263       -2.953        -2.953        
294           294           -0.4483       -2.1101       -2.5584       -2.5584       
295           295           -1.4073       -2.2384       -3.6457       -3.6457       
296           296           +0.6114       -1.817        -1.2056       -1.2056       
297           297           -0.9844       -2.117        -3.1014       -3.1014       
298           298           -0.8447       -2.2074       -3.0521       -3.0521       
299           299           -0.0375       +1.362        +1.3245       +1.3245       
300           300           -0.7654       -1.5837       -2.3491       -2.3491       
301           301           -2.801        -1.8823       -4.6833       -4.6833       
302           302           -1.4376       -1.6599       -3.0975       -3.0975       
303           303           -1.8221       -1.7743       -3.5964       -3.5964       
304           304           -0.4442       -1.5276       -1.9718       -1.9718       
305           305           -1.6709       -1.6831       -3.354        -3.354        
306           306           -1.0801       -1.5749       -2.655        -2.655        
307           307           -2.0089       -2.0311       -4.04         -4.04         
308           308           -1.3335       -0.9177       -2.2512       -2.2512       
309           309           -1.7109       -2.0219       -3.7328       -3.7328       
310           310           -0.0204       -1.9151       -1.9355       -1.9355       
311           311           -1.6032       -2.3408       -3.944        -3.944        
312           312           -1.0104       -1.1873       -2.1977       -2.1977       
313           313           -1.2955       -1.3293       -2.6248       -2.6248       
314           314           -2.3224       -0.654        -2.9764       -2.9764       
315           315           -2.2554       -2.0029       -4.2583       -4.2583       
316           316           -2.6232       -1.3244       -3.9476       -3.9476       
317           317           -1.3366       -1.0718       -2.4084       -2.4084       
318           318           -1.4702       -1.8666       -3.3368       -3.3368       
319           319           -0.2978       -0.8068       -1.1046       -1.1046       
320           320           -2.1701       -0.7102       -2.8803       -2.8803       
321           321           -2.0913       -1.2738       -3.3651       -3.3651       
322           322           -1.9885       -1.2583       -3.2468       -3.2468       
323           323           -1.4064       -0.4551       -1.8615       -1.8615       
324           324           -0.79         -0.1049       -0.8949       -0.8949       
325           325           -0.9132       -0.0654       -0.9786       -0.9786       
326           326           -2.2246       -0.1244       -2.349        -2.349        
327           327           -3.624        -0.7653       -4.3893       -4.3893       
328           328           -2.9694       -0.8452       -3.8146       -3.8146       
329           329           -3.8423       -1.1855       -5.0278       -5.0278       
330           330           -0.4405       -0.077        -0.5175       -0.5175       
331           331           -1.2088       -0.365        -1.5738       -1.5738       
332           332           -0.8971       -0.2014       -1.0985       -1.0985       
333           333           -0.671        -0.2267       -0.8977       -0.8977       
334           334           -0.573        -0.1222       -0.6952       -0.6952       
335           335           -0.5329       -0.1098       -0.6427       -0.6427       
336           336           -1.1661       -0.8145       -1.9806       -1.9806       
337           337           -0.8088       -0.1272       -0.936        -0.936        
338           338           -0.7834       -0.1342       -0.9176       -0.9176       
339           339           -1.4481       -0.3311       -1.7792       -1.7792       
