Frame         Time          Elec          VdW           Nonbond       Total         
0             0             +0            +0            +0            +0            
1             1             +0            +0            +0            +0            
2             2             +0            +0            +0            +0            
3             3             +0.1133       -0.0011       +0.1122       +0.1122       
4             4             +0.0093       -0.0002       +0.0091       +0.0091       
5             5             +0            +0            +0            +0            
6             6             +0            +0            +0            +0            
7             7             +0            +0            +0            +0            
8             8             +0            +0            +0            +0            
9             9             +0            +0            +0            +0            
10            10            +0            +0            +0            +0            
11            11            +0            +0            +0            +0            
12            12            +0            +0            +0            +0            
13            13            +0            +0            +0            +0            
14            14            +0            +0            +0            +0            
15            15            +0            +0            +0            +0            
16            16            +0            +0            +0            +0            
17            17            +0            +0            +0            +0            
18            18            +0            +0            +0            +0            
19            19            +0            +0            +0            +0            
20            20            -0.0002       -0            -0.0002       -0.0002       
21            21            +0            +0            +0            +0            
22            22            +0            +0            +0            +0            
23            23            +0.0381       -0            +0.0381       +0.0381       
24            24            -0.0743       -0.0027       -0.077        -0.077        
25            25            +0.0078       -0.0002       +0.0076       +0.0076       
26            26            +0            +0            +0            +0            
27            27            +0            +0            +0            +0            
28            28            +0            +0            +0            +0            
29            29            +0            +0            +0            +0            
30            30            +0            +0            +0            +0            
31            31            +0            +0            +0            +0            
32            32            +0            +0            +0            +0            
33            33            +0            +0            +0            +0            
34            34            +0            +0            +0            +0            
35            35            +0            +0            +0            +0            
36            36            +0            +0            +0            +0            
37            37            +0            +0            +0            +0            
38            38            +0            +0            +0            +0            
39            39            +0            +0            +0            +0            
40            40            +0            +0            +0            +0            
41            41            +0            +0            +0            +0            
42            42            +0            +0            +0            +0            
43            43            +0            +0            +0            +0            
44            44            +0            +0            +0            +0            
45            45            +0            +0            +0            +0            
46            46            +0            +0            +0            +0            
47            47            -0.0158       -0            -0.0158       -0.0158       
48            48            +0            +0            +0            +0            
49            49            +0            +0            +0            +0            
50            50            +0            +0            +0            +0            
51            51            +0            +0            +0            +0            
52            52            +0            +0            +0            +0            
53            53            +0            +0            +0            +0            
54            54            +0            +0            +0            +0            
55            55            +0            +0            +0            +0            
56            56            +0            +0            +0            +0            
57            57            +0            +0            +0            +0            
58            58            +0            +0            +0            +0            
59            59            +0            +0            +0            +0            
60            60            +0            +0            +0            +0            
61            61            +0            +0            +0            +0            
62            62            +0            +0            +0            +0            
63            63            +0            +0            +0            +0            
64            64            +0            +0            +0            +0            
65            65            +0            +0            +0            +0            
66            66            -0.0706       -0.0001       -0.0707       -0.0707       
67            67            +0.0329       -0.0001       +0.0328       +0.0328       
68            68            -0.0095       -0.0008       -0.0103       -0.0103       
69            69            +0.0315       -0.0001       +0.0314       +0.0314       
70            70            -0.0082       -0            -0.0082       -0.0082       
71            71            -0.0532       -0.0041       -0.0573       -0.0573       
72            72            +0.0588       -0.0008       +0.058        +0.058        
73            73            +0            +0            +0            +0            
74            74            +0.0468       -0.0016       +0.0452       +0.0452       
75            75            -0.1239       -0.0037       -0.1276       -0.1276       
76            76            +0.1201       -0.001        +0.1191       +0.1191       
77            77            +0.0698       -0.0011       +0.0687       +0.0687       
78            78            +0.2452       -0.0032       +0.242        +0.242        
79            79            -0.3035       -0.0027       -0.3062       -0.3062       
80            80            -0.0814       -0.0014       -0.0828       -0.0828       
81            81            +0            +0            +0            +0            
82            82            +0.0005       -0            +0.0005       +0.0005       
83            83            -0.0029       -0            -0.0029       -0.0029       
84            84            -0.0494       -0            -0.0494       -0.0494       
85            85            -0.001        -0            -0.001        -0.001        
86            86            +0            +0            +0            +0            
87            87            -0.0022       -0            -0.0022       -0.0022       
88            88            +0            +0            +0            +0            
89            89            +0            +0            +0            +0            
90            90            +0            +0            +0            +0            
91            91            -0.0005       -0            -0.0005       -0.0005       
92            92            +0            +0            +0            +0            
93            93            +0            +0            +0            +0            
94            94            -0.0104       -0            -0.0104       -0.0104       
95            95            +0            +0            +0            +0            
96            96            -0.0003       -0            -0.0003       -0.0003       
97            97            +0            +0            +0            +0            
98            98            +0            +0            +0            +0            
99            99            +0            +0            +0            +0            
100           100           -0.0085       -0            -0.0085       -0.0085       
101           101           -0.0549       -0            -0.0549       -0.0549       
102           102           -0.0521       -0            -0.0521       -0.0521       
103           103           -0.3162       -0.0001       -0.3163       -0.3163       
104           104           -0.0264       -0.0002       -0.0266       -0.0266       
105           105           -0.0161       -0.0002       -0.0163       -0.0163       
106           106           -0.0003       -0            -0.0003       -0.0003       
107           107           -0.0003       -0            -0.0003       -0.0003       
108           108           +0            +0            +0            +0            
109           109           -0.0015       -0            -0.0015       -0.0015       
110           110           +0            +0            +0            +0            
111           111           -0.0812       -0            -0.0812       -0.0812       
112           112           -0.0045       -0            -0.0045       -0.0045       
113           113           -0.0004       -0            -0.0004       -0.0004       
114           114           +0            +0            +0            +0            
115           115           -0.0522       -0            -0.0522       -0.0522       
116           116           -0.0405       -0            -0.0405       -0.0405       
117           117           -0.029        -0            -0.029        -0.029        
118           118           -0.0303       -0            -0.0303       -0.0303       
119           119           -0.0129       -0            -0.0129       -0.0129       
120           120           -0.0177       -0            -0.0177       -0.0177       
121           121           -0.0879       -0.0001       -0.088        -0.088        
122           122           -0.0268       -0            -0.0268       -0.0268       
123           123           -0.0265       -0            -0.0265       -0.0265       
124           124           -0.0225       -0.0001       -0.0226       -0.0226       
125           125           +0.0081       -0            +0.0081       +0.0081       
126           126           -0.068        -0            -0.068        -0.068        
127           127           +0.0049       -0            +0.0049       +0.0049       
128           128           -0            -0            -0            -0            
129           129           +0            +0            +0            +0            
130           130           -0.0166       -0            -0.0166       -0.0166       
131           131           -0.0631       -0            -0.0631       -0.0631       
132           132           -0.0006       -0            -0.0006       -0.0006       
133           133           +0            +0            +0            +0            
134           134           +0.0139       -0.0001       +0.0138       +0.0138       
135           135           -0.0129       -0            -0.0129       -0.0129       
136           136           -0.0276       -0            -0.0276       -0.0276       
137           137           +0.0016       -0.0001       +0.0015       +0.0015       
138           138           -0.0009       -0            -0.0009       -0.0009       
139           139           +0            +0            +0            +0            
140           140           -0.0139       -0            -0.0139       -0.0139       
141           141           -0.0123       -0            -0.0123       -0.0123       
142           142           +0.0141       -0            +0.0141       +0.0141       
143           143           -0.0311       -0            -0.0311       -0.0311       
144           144           -0.0291       -0            -0.0291       -0.0291       
145           145           +0.0058       -0.0005       +0.0053       +0.0053       
146           146           -0.0825       -0            -0.0825       -0.0825       
147           147           +0            +0            +0            +0            
148           148           +0            +0            +0            +0            
149           149           +0.0043       -0            +0.0043       +0.0043       
150           150           +0            +0            +0            +0            
151           151           +0            +0            +0            +0            
152           152           -0.0001       -0            -0.0001       -0.0001       
153           153           -0.0324       -0            -0.0324       -0.0324       
154           154           -0.0009       -0            -0.0009       -0.0009       
155           155           -0.006        -0            -0.006        -0.006        
156           156           -0.0067       -0            -0.0067       -0.0067       
157           157           -0.0077       -0.0002       -0.0079       -0.0079       
158           158           +0.0209       -0.0001       +0.0208       +0.0208       
159           159           -0.0226       -0.0001       -0.0227       -0.0227       
160           160           +0            +0            +0            +0            
161           161           -0.025        -0            -0.025        -0.025        
162           162           -0.0058       -0.0001       -0.0059       -0.0059       
163           163           +0.0344       -0.0003       +0.0341       +0.0341       
164           164           -0.0043       -0            -0.0043       -0.0043       
165           165           -0.0101       -0            -0.0101       -0.0101       
166           166           -0.0056       -0.0001       -0.0057       -0.0057       
167           167           -0.0061       -0.0001       -0.0062       -0.0062       
168           168           -0.0542       -0.0001       -0.0543       -0.0543       
169           169           -0.0451       -0            -0.0451       -0.0451       
170           170           +0            +0            +0            +0            
171           171           +0.0067       -0.0006       +0.0061       +0.0061       
172           172           +0.045        -0.0002       +0.0448       +0.0448       
173           173           +0.0661       -0.0003       +0.0658       +0.0658       
174           174           +0            +0            +0            +0            
175           175           +0.012        -0.0001       +0.0119       +0.0119       
176           176           +0.0137       -0.0001       +0.0136       +0.0136       
177           177           +0.1395       -0.0008       +0.1387       +0.1387       
178           178           -0.0141       -0            -0.0141       -0.0141       
179           179           +0.041        -0.0004       +0.0406       +0.0406       
180           180           -0.0074       -0.0006       -0.008        -0.008        
181           181           +0            +0            +0            +0            
182           182           -0.0768       -0.0006       -0.0774       -0.0774       
183           183           -0.0145       -0.0001       -0.0146       -0.0146       
184           184           -0.0335       -0.0002       -0.0337       -0.0337       
185           185           +0            +0            +0            +0            
186           186           +0            +0            +0            +0            
187           187           -0.0387       -0            -0.0387       -0.0387       
188           188           +0.0644       -0.0001       +0.0643       +0.0643       
189           189           -0.0002       -0            -0.0002       -0.0002       
190           190           +0            +0            +0            +0            
191           191           +0            +0            +0            +0            
192           192           -0.0167       -0            -0.0167       -0.0167       
193           193           -0.0032       -0            -0.0032       -0.0032       
194           194           -0.0132       -0            -0.0132       -0.0132       
195           195           +0            +0            +0            +0            
196           196           -0.0037       -0            -0.0037       -0.0037       
197           197           -0.025        -0            -0.025        -0.025        
198           198           -0.0393       -0            -0.0393       -0.0393       
199           199           +0.0073       -0            +0.0073       +0.0073       
200           200           -0.0164       -0            -0.0164       -0.0164       
201           201           +0            +0            +0            +0            
202           202           +0            +0            +0            +0            
203           203           -0.0012       -0            -0.0012       -0.0012       
204           204           -0.0112       -0            -0.0112       -0.0112       
205           205           +0            +0            +0            +0            
206           206           +0            +0            +0            +0            
207           207           -0.0011       -0            -0.0011       -0.0011       
208           208           -0.0178       -0            -0.0178       -0.0178       
209           209           -0.0124       -0            -0.0124       -0.0124       
210           210           +0.0024       -0            +0.0024       +0.0024       
211           211           -0.0005       -0            -0.0005       -0.0005       
212           212           +0            +0            +0            +0            
213           213           -0            -0            -0            -0            
214           214           -0.0188       -0.0001       -0.0189       -0.0189       
215           215           +0.0977       -0.0006       +0.0971       +0.0971       
216           216           +0            +0            +0            +0            
217           217           -0.0202       -0            -0.0202       -0.0202       
218           218           +0            +0            +0            +0            
219           219           -0.0506       -0            -0.0506       -0.0506       
220           220           +0            +0            +0            +0            
221           221           -0.0889       -0            -0.0889       -0.0889       
222           222           -0.026        -0            -0.026        -0.026        
223           223           -0.043        -0            -0.043        -0.043        
224           224           -0.0032       -0            -0.0032       -0.0032       
225           225           -0.0024       -0            -0.0024       -0.0024       
226           226           +0            +0            +0            +0            
227           227           +0            +0            +0            +0            
228           228           +0            +0            +0            +0            
229           229           -0.0227       -0            -0.0227       -0.0227       
230           230           +0            +0            +0            +0            
231           231           -0.0046       -0            -0.0046       -0.0046       
232           232           -0.0097       -0.0001       -0.0098       -0.0098       
233           233           -0.0045       -0            -0.0045       -0.0045       
234           234           +0.0075       -0.0001       +0.0074       +0.0074       
235           235           -0.0725       -0.0001       -0.0726       -0.0726       
236           236           -0.0019       -0            -0.0019       -0.0019       
237           237           -0.0809       -0            -0.0809       -0.0809       
238           238           -0.0097       -0            -0.0097       -0.0097       
239           239           -0.2209       -0.0003       -0.2212       -0.2212       
240           240           -0.0011       -0            -0.0011       -0.0011       
241           241           +0            +0            +0            +0            
242           242           -0.0033       -0            -0.0033       -0.0033       
243           243           -0.0095       -0            -0.0095       -0.0095       
244           244           +0.0051       -0            +0.0051       +0.0051       
245           245           -0.0104       -0            -0.0104       -0.0104       
246           246           -0.0067       -0            -0.0067       -0.0067       
247           247           +0.0025       -0            +0.0025       +0.0025       
248           248           +0            +0            +0            +0            
249           249           +0            +0            +0            +0            
250           250           -0.0436       -0.0001       -0.0437       -0.0437       
251           251           -0.0109       -0            -0.0109       -0.0109       
252           252           +0            +0            +0            +0            
253           253           +0            +0            +0            +0            
254           254           -0            -0            -0            -0            
255           255           -0.0039       -0            -0.0039       -0.0039       
256           256           -0.0008       -0            -0.0008       -0.0008       
257           257           +0            +0            +0            +0            
258           258           -0.0003       -0            -0.0003       -0.0003       
259           259           +0            +0            +0            +0            
260           260           -0.0117       -0            -0.0117       -0.0117       
261           261           -0.0386       -0            -0.0386       -0.0386       
262           262           +0            +0            +0            +0            
263           263           +0            +0            +0            +0            
264           264           +0            +0            +0            +0            
265           265           +0.0005       -0            +0.0005       +0.0005       
266           266           +0            +0            +0            +0            
267           267           -0            -0            -0            -0            
268           268           -0.0072       -0            -0.0072       -0.0072       
269           269           +0.0182       -0.0001       +0.0181       +0.0181       
270           270           -0.0311       -0            -0.0311       -0.0311       
271           271           +0            +0            +0            +0            
272           272           +0            +0            +0            +0            
273           273           +0            +0            +0            +0            
274           274           -0            -0            -0            -0            
275           275           +0            +0            +0            +0            
276           276           +0.0007       -0            +0.0007       +0.0007       
277           277           +0            +0            +0            +0            
278           278           +0            +0            +0            +0            
279           279           +0            +0            +0            +0            
280           280           +0            +0            +0            +0            
281           281           +0            +0            +0            +0            
282           282           -0.0118       -0            -0.0118       -0.0118       
283           283           +0            +0            +0            +0            
284           284           -0.0017       -0            -0.0017       -0.0017       
285           285           -0.0047       -0            -0.0047       -0.0047       
286           286           +0            +0            +0            +0            
287           287           +0            +0            +0            +0            
288           288           +0            +0            +0            +0            
289           289           -0.0176       -0            -0.0176       -0.0176       
290           290           +0            +0            +0            +0            
291           291           -0            -0            -0            -0            
292           292           +0            +0            +0            +0            
293           293           -0.0152       -0            -0.0152       -0.0152       
294           294           -0.0239       -0.0002       -0.0241       -0.0241       
295           295           -0.0005       -0.0001       -0.0006       -0.0006       
296           296           +0.0872       -0.0003       +0.0869       +0.0869       
297           297           +0            +0            +0            +0            
298           298           +0.0004       -0            +0.0004       +0.0004       
299           299           +0            +0            +0            +0            
300           300           +0.0033       -0            +0.0033       +0.0033       
301           301           +0            +0            +0            +0            
302           302           +0            +0            +0            +0            
303           303           +0            +0            +0            +0            
304           304           +0.0192       -0.0003       +0.0189       +0.0189       
305           305           -0.0043       -0            -0.0043       -0.0043       
306           306           +0.0151       -0.0002       +0.0149       +0.0149       
307           307           +0.0041       -0            +0.0041       +0.0041       
308           308           -0.0565       -0.0002       -0.0567       -0.0567       
309           309           +0.0664       -0.0001       +0.0663       +0.0663       
310           310           +0.1068       -0.0006       +0.1062       +0.1062       
311           311           +0.0886       -0.0007       +0.0879       +0.0879       
312           312           +0.1365       -0.0003       +0.1362       +0.1362       
313           313           +0.0511       -0.0005       +0.0506       +0.0506       
314           314           +0.2953       -0.0009       +0.2944       +0.2944       
315           315           +0.0356       -0.0012       +0.0344       +0.0344       
316           316           +0.1213       -0.0018       +0.1195       +0.1195       
317           317           +0.1677       -0.0027       +0.165        +0.165        
318           318           +0.0708       -0.0013       +0.0695       +0.0695       
319           319           +0.2365       -0.0087       +0.2278       +0.2278       
320           320           +0.1591       -0.0008       +0.1583       +0.1583       
321           321           +0.0094       -0.0033       +0.0061       +0.0061       
322           322           +0.2217       -0.0003       +0.2214       +0.2214       
323           323           +0.2233       -0.0007       +0.2226       +0.2226       
324           324           +0.0353       -0            +0.0353       +0.0353       
325           325           +0            +0            +0            +0            
326           326           +0            +0            +0            +0            
327           327           +0.0426       -0.0005       +0.0421       +0.0421       
328           328           +0.1457       -0.0019       +0.1438       +0.1438       
329           329           +0.2362       -0.0006       +0.2356       +0.2356       
330           330           +0            +0            +0            +0            
331           331           +0.0054       -0            +0.0054       +0.0054       
332           332           +0.0696       -0.0001       +0.0695       +0.0695       
333           333           +0            +0            +0            +0            
334           334           +0            +0            +0            +0            
335           335           -0.0002       -0            -0.0002       -0.0002       
336           336           +0            +0            +0            +0            
337           337           +0            +0            +0            +0            
338           338           +0            +0            +0            +0            
339           339           +0            +0            +0            +0            
