Frame         Time          Elec          VdW           Nonbond       Total         
0             0             +0            +0            +0            +0            
1             1             +0            +0            +0            +0            
2             2             +0.0196       -0            +0.0196       +0.0196       
3             3             -0.0327       -0.0001       -0.0328       -0.0328       
4             4             +0.0607       -0.0045       +0.0562       +0.0562       
5             5             +0.0296       -0            +0.0296       +0.0296       
6             6             +0.0152       -0.0001       +0.0151       +0.0151       
7             7             +0            +0            +0            +0            
8             8             +0.0312       -0.0015       +0.0297       +0.0297       
9             9             +0.0017       -0            +0.0017       +0.0017       
10            10            +0.0162       -0.0001       +0.0161       +0.0161       
11            11            +0.0028       -0.002        +0.0008       +0.0008       
12            12            +0            +0            +0            +0            
13            13            +0.0409       -0.0001       +0.0408       +0.0408       
14            14            +0            +0            +0            +0            
15            15            +0            +0            +0            +0            
16            16            +0            +0            +0            +0            
17            17            -0.0627       -0.0001       -0.0628       -0.0628       
18            18            +0            +0            +0            +0            
19            19            -0.0005       -0            -0.0005       -0.0005       
20            20            +0            +0            +0            +0            
21            21            +0            +0            +0            +0            
22            22            +0            +0            +0            +0            
23            23            +0            +0            +0            +0            
24            24            +0            +0            +0            +0            
25            25            -0.021        -0            -0.021        -0.021        
26            26            +0            +0            +0            +0            
27            27            +0            +0            +0            +0            
28            28            +0            +0            +0            +0            
29            29            +0            +0            +0            +0            
30            30            +0            +0            +0            +0            
31            31            +0            +0            +0            +0            
32            32            +0            +0            +0            +0            
33            33            +0            +0            +0            +0            
34            34            +0            +0            +0            +0            
35            35            +0            +0            +0            +0            
36            36            +0            +0            +0            +0            
37            37            +0            +0            +0            +0            
38            38            +0            +0            +0            +0            
39            39            +0            +0            +0            +0            
40            40            +0            +0            +0            +0            
41            41            +0            +0            +0            +0            
42            42            +0            +0            +0            +0            
43            43            +0            +0            +0            +0            
44            44            +0            +0            +0            +0            
45            45            +0            +0            +0            +0            
46            46            +0            +0            +0            +0            
47            47            +0            +0            +0            +0            
48            48            +0            +0            +0            +0            
49            49            +0            +0            +0            +0            
50            50            +0            +0            +0            +0            
51            51            +0            +0            +0            +0            
52            52            +0            +0            +0            +0            
53            53            +0            +0            +0            +0            
54            54            +0            +0            +0            +0            
55            55            +0            +0            +0            +0            
56            56            +0            +0            +0            +0            
57            57            +0            +0            +0            +0            
58            58            +0            +0            +0            +0            
59            59            +0            +0            +0            +0            
60            60            +0            +0            +0            +0            
61            61            +0            +0            +0            +0            
62            62            +0            +0            +0            +0            
63            63            +0            +0            +0            +0            
64            64            +0            +0            +0            +0            
65            65            +0            +0            +0            +0            
66            66            +0.0274       -0.0002       +0.0272       +0.0272       
67            67            +0.0086       -0.0014       +0.0072       +0.0072       
68            68            +0.0041       -0.0565       -0.0524       -0.0524       
69            69            -0.0452       -0.0418       -0.087        -0.087        
70            70            -0.0983       -0.0571       -0.1554       -0.1554       
71            71            +0.0261       -0.0155       +0.0106       +0.0106       
72            72            -0.0153       -0.0442       -0.0595       -0.0595       
73            73            -0.0084       -0.0265       -0.0349       -0.0349       
74            74            -0.0676       -0.0459       -0.1135       -0.1135       
75            75            -0.0316       -0.0014       -0.033        -0.033        
76            76            -0.0014       -0.035        -0.0364       -0.0364       
77            77            -0.0129       -0.0188       -0.0317       -0.0317       
78            78            +0.0084       -0.0181       -0.0097       -0.0097       
79            79            +0.0127       -0.0453       -0.0326       -0.0326       
80            80            +0.0396       -0.0077       +0.0319       +0.0319       
81            81            -0.0129       -0.0541       -0.067        -0.067        
82            82            +0.0055       -0.0289       -0.0234       -0.0234       
83            83            -0.0808       -0.0431       -0.1239       -0.1239       
84            84            +0.1509       -0.092        +0.0589       +0.0589       
85            85            -0.005        -0.0428       -0.0478       -0.0478       
86            86            +0.0914       -0.0649       +0.0265       +0.0265       
87            87            +0.2182       -0.1313       +0.0869       +0.0869       
88            88            +0.1899       -0.0839       +0.106        +0.106        
89            89            +0.2477       -0.072        +0.1757       +0.1757       
90            90            +0.215        -0.0597       +0.1553       +0.1553       
91            91            +0.082        -0.0633       +0.0187       +0.0187       
92            92            +0.1969       -0.0855       +0.1114       +0.1114       
93            93            +0.1967       -0.0937       +0.103        +0.103        
94            94            +0.0685       -0.0669       +0.0016       +0.0016       
95            95            +0.0932       -0.0705       +0.0227       +0.0227       
96            96            +0.0967       -0.0824       +0.0143       +0.0143       
97            97            +0.1686       -0.0975       +0.0711       +0.0711       
98            98            +0.1806       -0.0943       +0.0863       +0.0863       
99            99            +0.1024       -0.0858       +0.0166       +0.0166       
100           100           +0.2187       -0.0889       +0.1298       +0.1298       
101           101           +0.2269       -0.112        +0.1149       +0.1149       
102           102           -0.0118       -0.0574       -0.0692       -0.0692       
103           103           +0.1755       -0.0804       +0.0951       +0.0951       
104           104           +0.1055       -0.0929       +0.0126       +0.0126       
105           105           +0.1643       -0.0841       +0.0802       +0.0802       
106           106           +0.1726       -0.106        +0.0666       +0.0666       
107           107           +0.2168       -0.1069       +0.1099       +0.1099       
108           108           +0.1385       -0.0735       +0.065        +0.065        
109           109           +0.2756       -0.1056       +0.17         +0.17         
110           110           +0.0042       -0.0659       -0.0617       -0.0617       
111           111           +0.0228       -0.0782       -0.0554       -0.0554       
112           112           +0.0227       -0.0425       -0.0198       -0.0198       
113           113           +0.1277       -0.0686       +0.0591       +0.0591       
114           114           +0.0317       -0.0311       +0.0006       +0.0006       
115           115           +0.0321       -0.1023       -0.0702       -0.0702       
116           116           +0.2038       -0.0753       +0.1285       +0.1285       
117           117           -0.0583       -0.0649       -0.1232       -0.1232       
118           118           +0.0902       -0.0933       -0.0031       -0.0031       
119           119           +0.1635       -0.0863       +0.0772       +0.0772       
120           120           +0.0675       -0.0798       -0.0123       -0.0123       
121           121           +0.5032       -0.0909       +0.4123       +0.4123       
122           122           -0.1378       -0.0812       -0.219        -0.219        
123           123           +0.0251       -0.0639       -0.0388       -0.0388       
124           124           +0.0749       -0.0796       -0.0047       -0.0047       
125           125           +0.2895       -0.1064       +0.1831       +0.1831       
126           126           +0.0925       -0.0753       +0.0172       +0.0172       
127           127           +0.2453       -0.1032       +0.1421       +0.1421       
128           128           +0.0677       -0.0995       -0.0318       -0.0318       
129           129           +0.2445       -0.0836       +0.1609       +0.1609       
130           130           +0.2191       -0.1125       +0.1066       +0.1066       
131           131           +0.1341       -0.0912       +0.0429       +0.0429       
132           132           +0.2328       -0.0827       +0.1501       +0.1501       
133           133           +0.169        -0.0904       +0.0786       +0.0786       
134           134           +0.1654       -0.0834       +0.082        +0.082        
135           135           -0.0992       -0.0701       -0.1693       -0.1693       
136           136           +0.0712       -0.0883       -0.0171       -0.0171       
137           137           +0.1648       -0.087        +0.0778       +0.0778       
138           138           +0.1051       -0.0875       +0.0176       +0.0176       
139           139           -0.0024       -0.0665       -0.0689       -0.0689       
140           140           +0.0149       -0.0998       -0.0849       -0.0849       
141           141           +0.1432       -0.0715       +0.0717       +0.0717       
142           142           +0.0161       -0.0518       -0.0357       -0.0357       
143           143           +0.1006       -0.0783       +0.0223       +0.0223       
144           144           +0.0907       -0.0616       +0.0291       +0.0291       
145           145           +0.0978       -0.1182       -0.0204       -0.0204       
146           146           +0.0639       -0.084        -0.0201       -0.0201       
147           147           +0.0878       -0.0819       +0.0059       +0.0059       
148           148           +0.0595       -0.099        -0.0395       -0.0395       
149           149           +0.2023       -0.1064       +0.0959       +0.0959       
150           150           +0.074        -0.0509       +0.0231       +0.0231       
151           151           +0.0797       -0.0908       -0.0111       -0.0111       
152           152           -0.0027       -0.0513       -0.054        -0.054        
153           153           +0.053        -0.0721       -0.0191       -0.0191       
154           154           -0.0287       -0.0469       -0.0756       -0.0756       
155           155           +0.0023       -0.0491       -0.0468       -0.0468       
156           156           +0.0395       -0.0348       +0.0047       +0.0047       
157           157           +0.0374       -0.0409       -0.0035       -0.0035       
158           158           -0.0117       -0.0439       -0.0556       -0.0556       
159           159           -0.0304       -0.0572       -0.0876       -0.0876       
160           160           +0.1095       -0.0554       +0.0541       +0.0541       
161           161           +0.0348       -0.0362       -0.0014       -0.0014       
162           162           +0.0648       -0.0682       -0.0034       -0.0034       
163           163           +0.0461       -0.0437       +0.0024       +0.0024       
164           164           +0.0275       -0.0488       -0.0213       -0.0213       
165           165           +0.0746       -0.0518       +0.0228       +0.0228       
166           166           +0.0337       -0.0585       -0.0248       -0.0248       
167           167           +0.005        -0.0636       -0.0586       -0.0586       
168           168           +0.0986       -0.0704       +0.0282       +0.0282       
169           169           +0.0338       -0.0563       -0.0225       -0.0225       
170           170           +0.1514       -0.064        +0.0874       +0.0874       
171           171           +0.0556       -0.0629       -0.0073       -0.0073       
172           172           +0.0481       -0.0526       -0.0045       -0.0045       
173           173           +0.1533       -0.0741       +0.0792       +0.0792       
174           174           +0.1477       -0.0747       +0.073        +0.073        
175           175           +0.0585       -0.0731       -0.0146       -0.0146       
176           176           -0.0145       -0.0482       -0.0627       -0.0627       
177           177           +0.2584       -0.0945       +0.1639       +0.1639       
178           178           -0.0464       -0.028        -0.0744       -0.0744       
179           179           -0.0808       -0.0517       -0.1325       -0.1325       
180           180           -0.0373       -0.0505       -0.0878       -0.0878       
181           181           +0.0115       -0.044        -0.0325       -0.0325       
182           182           -0.0103       -0.0302       -0.0405       -0.0405       
183           183           -0.0099       -0.048        -0.0579       -0.0579       
184           184           -0.0615       -0.0275       -0.089        -0.089        
185           185           +0.0131       -0.0688       -0.0557       -0.0557       
186           186           +0.0267       -0.0343       -0.0076       -0.0076       
187           187           +0.0459       -0.0228       +0.0231       +0.0231       
188           188           +0.0212       -0.0757       -0.0545       -0.0545       
189           189           +0.0624       -0.0504       +0.012        +0.012        
190           190           +0.0175       -0.0548       -0.0373       -0.0373       
191           191           +0.1184       -0.0725       +0.0459       +0.0459       
192           192           +0.0347       -0.0796       -0.0449       -0.0449       
193           193           +0.1073       -0.0862       +0.0211       +0.0211       
194           194           +0.202        -0.0805       +0.1215       +0.1215       
195           195           -0.03         -0.0612       -0.0912       -0.0912       
196           196           +0.0858       -0.0826       +0.0032       +0.0032       
197           197           +0.3012       -0.0916       +0.2096       +0.2096       
198           198           +0.2885       -0.084        +0.2045       +0.2045       
199           199           -0.073        -0.0839       -0.1569       -0.1569       
200           200           +0.0181       -0.0915       -0.0734       -0.0734       
201           201           +0.0541       -0.0699       -0.0158       -0.0158       
202           202           +0.2937       -0.0903       +0.2034       +0.2034       
203           203           +0.0803       -0.0722       +0.0081       +0.0081       
204           204           +0.1731       -0.0764       +0.0967       +0.0967       
205           205           +0.1848       -0.0685       +0.1163       +0.1163       
206           206           +0.1525       -0.0726       +0.0799       +0.0799       
207           207           +0.1533       -0.0893       +0.064        +0.064        
208           208           +0.0629       -0.0579       +0.005        +0.005        
209           209           +0.0509       -0.058        -0.0071       -0.0071       
210           210           +0.1134       -0.0709       +0.0425       +0.0425       
211           211           +0.1952       -0.0641       +0.1311       +0.1311       
212           212           +0.2505       -0.0882       +0.1623       +0.1623       
213           213           +0.0462       -0.0633       -0.0171       -0.0171       
214           214           +0.133        -0.0915       +0.0415       +0.0415       
215           215           +0.1363       -0.0679       +0.0684       +0.0684       
216           216           +0.1221       -0.0641       +0.058        +0.058        
217           217           +0.0864       -0.0843       +0.0021       +0.0021       
218           218           +0.0686       -0.0655       +0.0031       +0.0031       
219           219           +0.4508       -0.0947       +0.3561       +0.3561       
220           220           +0.1878       -0.082        +0.1058       +0.1058       
221           221           +0.0974       -0.0476       +0.0498       +0.0498       
222           222           +0.0069       -0.0645       -0.0576       -0.0576       
223           223           -0.0008       -0.0365       -0.0373       -0.0373       
224           224           +0.2267       -0.0799       +0.1468       +0.1468       
225           225           +0.0733       -0.0518       +0.0215       +0.0215       
226           226           +0.0102       -0.0499       -0.0397       -0.0397       
227           227           +0.1382       -0.073        +0.0652       +0.0652       
228           228           +0.1109       -0.096        +0.0149       +0.0149       
229           229           +0.0633       -0.0743       -0.011        -0.011        
230           230           +0.165        -0.0922       +0.0728       +0.0728       
231           231           +0.1947       -0.1324       +0.0623       +0.0623       
232           232           +0.1944       -0.092        +0.1024       +0.1024       
233           233           +0.0756       -0.0802       -0.0046       -0.0046       
234           234           +0.0024       -0.0606       -0.0582       -0.0582       
235           235           +0.0696       -0.0645       +0.0051       +0.0051       
236           236           +0.0102       -0.054        -0.0438       -0.0438       
237           237           +0.1725       -0.0896       +0.0829       +0.0829       
238           238           +0.0809       -0.0817       -0.0008       -0.0008       
239           239           +0.0887       -0.0773       +0.0114       +0.0114       
240           240           +0.1628       -0.0737       +0.0891       +0.0891       
241           241           +0.2235       -0.0828       +0.1407       +0.1407       
242           242           +0.0327       -0.099        -0.0663       -0.0663       
243           243           -0.0286       -0.061        -0.0896       -0.0896       
244           244           +0.3097       -0.1001       +0.2096       +0.2096       
245           245           +0.2034       -0.0899       +0.1135       +0.1135       
246           246           +0.0406       -0.0582       -0.0176       -0.0176       
247           247           +0.2273       -0.092        +0.1353       +0.1353       
248           248           +0.1065       -0.0679       +0.0386       +0.0386       
249           249           +0.0412       -0.0622       -0.021        -0.021        
250           250           +0.1354       -0.0753       +0.0601       +0.0601       
251           251           +0.2832       -0.0895       +0.1937       +0.1937       
252           252           +0.1453       -0.0831       +0.0622       +0.0622       
253           253           +0.2963       -0.0871       +0.2092       +0.2092       
254           254           +0.0724       -0.0658       +0.0066       +0.0066       
255           255           +0.0154       -0.0757       -0.0603       -0.0603       
256           256           +0.0998       -0.0892       +0.0106       +0.0106       
257           257           +0.116        -0.0669       +0.0491       +0.0491       
258           258           +0.0708       -0.0567       +0.0141       +0.0141       
259           259           +0.0737       -0.0601       +0.0136       +0.0136       
260           260           +0.2352       -0.08         +0.1552       +0.1552       
261           261           +0.1884       -0.0913       +0.0971       +0.0971       
262           262           +0.1781       -0.0754       +0.1027       +0.1027       
263           263           +0.0879       -0.0651       +0.0228       +0.0228       
264           264           +0.0526       -0.0672       -0.0146       -0.0146       
265           265           +0.1695       -0.0718       +0.0977       +0.0977       
266           266           +0.1105       -0.0721       +0.0384       +0.0384       
267           267           +0.0525       -0.0336       +0.0189       +0.0189       
268           268           +0.0372       -0.0597       -0.0225       -0.0225       
269           269           +0.0715       -0.0756       -0.0041       -0.0041       
270           270           +0.2859       -0.1179       +0.168        +0.168        
271           271           +0.2623       -0.0819       +0.1804       +0.1804       
272           272           +0.0731       -0.0501       +0.023        +0.023        
273           273           +0.1298       -0.0664       +0.0634       +0.0634       
274           274           +0.2515       -0.0874       +0.1641       +0.1641       
275           275           +0.1809       -0.0749       +0.106        +0.106        
276           276           +0.1897       -0.105        +0.0847       +0.0847       
277           277           +0.1036       -0.0417       +0.0619       +0.0619       
278           278           +0.2482       -0.0799       +0.1683       +0.1683       
279           279           +0.0437       -0.0492       -0.0055       -0.0055       
280           280           +0.0502       -0.0709       -0.0207       -0.0207       
281           281           -0.0094       -0.034        -0.0434       -0.0434       
282           282           +0.189        -0.0886       +0.1004       +0.1004       
283           283           +0.0493       -0.0613       -0.012        -0.012        
284           284           +0.0099       -0.0459       -0.036        -0.036        
285           285           +0.0729       -0.0588       +0.0141       +0.0141       
286           286           +0.1143       -0.0796       +0.0347       +0.0347       
287           287           +0.1696       -0.0698       +0.0998       +0.0998       
288           288           +0.076        -0.0869       -0.0109       -0.0109       
289           289           +0.0228       -0.0718       -0.049        -0.049        
290           290           -0.0252       -0.0301       -0.0553       -0.0553       
291           291           +0.1229       -0.0648       +0.0581       +0.0581       
292           292           +0.1304       -0.0667       +0.0637       +0.0637       
293           293           +0.292        -0.0449       +0.2471       +0.2471       
294           294           +0.5633       -0.1316       +0.4317       +0.4317       
295           295           +0.2432       -0.1069       +0.1363       +0.1363       
296           296           -0.0427       -0.0611       -0.1038       -0.1038       
297           297           -0.0984       -0.054        -0.1524       -0.1524       
298           298           +0.4057       -0.1132       +0.2925       +0.2925       
299           299           +0.4565       -0.1392       +0.3173       +0.3173       
300           300           +0.1334       -0.1465       -0.0131       -0.0131       
301           301           +0.1582       -0.0923       +0.0659       +0.0659       
302           302           +0.186        -0.1118       +0.0742       +0.0742       
303           303           +0.359        -0.1017       +0.2573       +0.2573       
304           304           +0.292        -0.1323       +0.1597       +0.1597       
305           305           +0.1381       -0.1263       +0.0118       +0.0118       
306           306           +0.0669       -0.1298       -0.0629       -0.0629       
307           307           +0.0064       -0.1322       -0.1258       -0.1258       
308           308           +0.163        -0.0884       +0.0746       +0.0746       
309           309           +0.2671       -0.0951       +0.172        +0.172        
310           310           +0.292        -0.1002       +0.1918       +0.1918       
311           311           +0.3225       -0.1398       +0.1827       +0.1827       
312           312           +0.4604       -0.122        +0.3384       +0.3384       
313           313           +0.2378       -0.1173       +0.1205       +0.1205       
314           314           +0.1585       -0.1529       +0.0056       +0.0056       
315           315           +0.0623       -0.1341       -0.0718       -0.0718       
316           316           -0.112        -0.1218       -0.2338       -0.2338       
317           317           -0.0135       -0.0853       -0.0988       -0.0988       
318           318           +0.0709       -0.1304       -0.0595       -0.0595       
319           319           -0.0811       -0.1074       -0.1885       -0.1885       
320           320           -0.1338       -0.112        -0.2458       -0.2458       
321           321           -0.3784       -0.0968       -0.4752       -0.4752       
322           322           -0.1344       -0.1161       -0.2505       -0.2505       
323           323           -0.1076       -0.0739       -0.1815       -0.1815       
324           324           -0.7618       -0.0539       -0.8157       -0.8157       
325           325           -0.4571       -0.0215       -0.4786       -0.4786       
326           326           +0.018        -0.0596       -0.0416       -0.0416       
327           327           +0.0563       -0.1276       -0.0713       -0.0713       
328           328           +0.2932       -0.1267       +0.1665       +0.1665       
329           329           +0.3572       -0.1186       +0.2386       +0.2386       
330           330           -0.1345       -0.047        -0.1815       -0.1815       
331           331           -0.0812       -0.0825       -0.1637       -0.1637       
332           332           -0.1814       -0.0874       -0.2688       -0.2688       
333           333           -0.2192       -0.0624       -0.2816       -0.2816       
334           334           -0.031        -0.0543       -0.0853       -0.0853       
335           335           +0.1968       -0.0427       +0.1541       +0.1541       
336           336           -0.0645       -0.1447       -0.2092       -0.2092       
337           337           +0.0578       -0.0454       +0.0124       +0.0124       
338           338           -0.2065       -0.0571       -0.2636       -0.2636       
339           339           -0.314        -0.0687       -0.3827       -0.3827       
