Frame         Time          Elec          VdW           Nonbond       Total         
0             0             +0            +0            +0            +0            
1             1             +0            +0            +0            +0            
2             2             +0            +0            +0            +0            
3             3             -0.0396       -0            -0.0396       -0.0396       
4             4             +0            +0            +0            +0            
5             5             +0            +0            +0            +0            
6             6             +0            +0            +0            +0            
7             7             +0            +0            +0            +0            
8             8             +0            +0            +0            +0            
9             9             +0            +0            +0            +0            
10            10            +0            +0            +0            +0            
11            11            +0            +0            +0            +0            
12            12            +0            +0            +0            +0            
13            13            +0            +0            +0            +0            
14            14            +0            +0            +0            +0            
15            15            +0            +0            +0            +0            
16            16            -0.0001       -0            -0.0001       -0.0001       
17            17            +0            +0            +0            +0            
18            18            +0            +0            +0            +0            
19            19            +0            +0            +0            +0            
20            20            -0.0275       -0.0002       -0.0277       -0.0277       
21            21            -0.0708       -0.0006       -0.0714       -0.0714       
22            22            -0.0957       -0.001        -0.0967       -0.0967       
23            23            -0.0506       -0.0007       -0.0513       -0.0513       
24            24            -0.0639       -0.0004       -0.0643       -0.0643       
25            25            +0            +0            +0            +0            
26            26            +0            +0            +0            +0            
27            27            +0            +0            +0            +0            
28            28            +0            +0            +0            +0            
29            29            +0            +0            +0            +0            
30            30            +0            +0            +0            +0            
31            31            +0            +0            +0            +0            
32            32            +0            +0            +0            +0            
33            33            +0            +0            +0            +0            
34            34            +0            +0            +0            +0            
35            35            +0            +0            +0            +0            
36            36            +0            +0            +0            +0            
37            37            +0            +0            +0            +0            
38            38            +0            +0            +0            +0            
39            39            +0            +0            +0            +0            
40            40            +0            +0            +0            +0            
41            41            +0            +0            +0            +0            
42            42            +0            +0            +0            +0            
43            43            +0            +0            +0            +0            
44            44            +0            +0            +0            +0            
45            45            +0            +0            +0            +0            
46            46            +0            +0            +0            +0            
47            47            +0            +0            +0            +0            
48            48            +0            +0            +0            +0            
49            49            +0            +0            +0            +0            
50            50            +0            +0            +0            +0            
51            51            +0            +0            +0            +0            
52            52            +0            +0            +0            +0            
53            53            +0            +0            +0            +0            
54            54            +0            +0            +0            +0            
55            55            +0            +0            +0            +0            
56            56            +0            +0            +0            +0            
57            57            +0            +0            +0            +0            
58            58            +0            +0            +0            +0            
59            59            +0            +0            +0            +0            
60            60            +0            +0            +0            +0            
61            61            +0            +0            +0            +0            
62            62            +0            +0            +0            +0            
63            63            +0            +0            +0            +0            
64            64            +0            +0            +0            +0            
65            65            +0            +0            +0            +0            
66            66            +0            +0            +0            +0            
67            67            +0            +0            +0            +0            
68            68            -0.0045       -0            -0.0045       -0.0045       
69            69            -0.0001       -0            -0.0001       -0.0001       
70            70            -0.0126       -0            -0.0126       -0.0126       
71            71            -0.0107       -0            -0.0107       -0.0107       
72            72            +0            +0            +0            +0            
73            73            +0            +0            +0            +0            
74            74            +0            +0            +0            +0            
75            75            -0.0171       -0.0001       -0.0172       -0.0172       
76            76            +0.0002       -0            +0.0002       +0.0002       
77            77            -0.0034       -0            -0.0034       -0.0034       
78            78            +0.006        -0            +0.006        +0.006        
79            79            -0.0021       -0            -0.0021       -0.0021       
80            80            +0            +0            +0            +0            
81            81            -0.0426       -0.0001       -0.0427       -0.0427       
82            82            +0            +0            +0            +0            
83            83            -0.0949       -0.0004       -0.0953       -0.0953       
84            84            -0.0973       -0.0036       -0.1009       -0.1009       
85            85            -0.0755       -0.0005       -0.076        -0.076        
86            86            +0            -0            +0            +0            
87            87            -0.0952       -0.0001       -0.0953       -0.0953       
88            88            -0.0423       -0.0001       -0.0424       -0.0424       
89            89            -0.0169       -0            -0.0169       -0.0169       
90            90            -0.041        -0.0006       -0.0416       -0.0416       
91            91            -0.0644       -0.0015       -0.0659       -0.0659       
92            92            -0.0002       -0            -0.0002       -0.0002       
93            93            -0.1133       -0.0012       -0.1145       -0.1145       
94            94            -0.0798       -0.0004       -0.0802       -0.0802       
95            95            -0.0272       -0            -0.0272       -0.0272       
96            96            -0.0704       -0.0011       -0.0715       -0.0715       
97            97            -0.1014       -0.0027       -0.1041       -0.1041       
98            98            -0.0603       -0.0018       -0.0621       -0.0621       
99            99            -0.1304       -0.0014       -0.1318       -0.1318       
100           100           -0.0872       -0.0006       -0.0878       -0.0878       
101           101           -0.0873       -0.0158       -0.1031       -0.1031       
102           102           -0.0576       -0.0071       -0.0647       -0.0647       
103           103           -0.0834       -0.0082       -0.0916       -0.0916       
104           104           -0.0367       -0.0132       -0.0499       -0.0499       
105           105           -0.0535       -0.0163       -0.0698       -0.0698       
106           106           -0.1067       -0.0032       -0.1099       -0.1099       
107           107           -0.0541       -0.0044       -0.0585       -0.0585       
108           108           +0.0037       -0            +0.0037       +0.0037       
109           109           -0.0105       -0.0023       -0.0128       -0.0128       
110           110           -0.0244       -0.0001       -0.0245       -0.0245       
111           111           -0.0871       -0.0017       -0.0888       -0.0888       
112           112           -0.0377       -0.004        -0.0417       -0.0417       
113           113           -0.1039       -0.0031       -0.107        -0.107        
114           114           -0.1427       -0.0007       -0.1434       -0.1434       
115           115           -0.1415       -0.0098       -0.1513       -0.1513       
116           116           -0.052        -0.0002       -0.0522       -0.0522       
117           117           -0.1283       -0.0059       -0.1342       -0.1342       
118           118           -0.1244       -0.0016       -0.126        -0.126        
119           119           -0.0502       -0.0002       -0.0504       -0.0504       
120           120           -0.0509       -0.0121       -0.063        -0.063        
121           121           -0.0573       -0            -0.0573       -0.0573       
122           122           -0.1435       -0.0119       -0.1554       -0.1554       
123           123           -0.0771       -0.0017       -0.0788       -0.0788       
124           124           -0.0732       -0.021        -0.0942       -0.0942       
125           125           -0.0266       -0.0304       -0.057        -0.057        
126           126           -0.1885       -0.0038       -0.1923       -0.1923       
127           127           -0.1796       -0.0143       -0.1939       -0.1939       
128           128           -0.0165       -0.0001       -0.0166       -0.0166       
129           129           -0.0509       -0.0004       -0.0513       -0.0513       
130           130           -0.0583       -0.0051       -0.0634       -0.0634       
131           131           -0.123        -0.0051       -0.1281       -0.1281       
132           132           -0.1422       -0.0184       -0.1606       -0.1606       
133           133           -0.0453       -0.0005       -0.0458       -0.0458       
134           134           -0.058        -0.0002       -0.0582       -0.0582       
135           135           -0.1487       -0.0046       -0.1533       -0.1533       
136           136           -0.0421       -0.0193       -0.0614       -0.0614       
137           137           +0.0276       -0.0249       +0.0027       +0.0027       
138           138           -0.0575       -0.0043       -0.0618       -0.0618       
139           139           -0.0563       -0.0006       -0.0569       -0.0569       
140           140           +0.0066       -0.0001       +0.0065       +0.0065       
141           141           +0.0233       -0.0001       +0.0232       +0.0232       
142           142           -0.1129       -0.001        -0.1139       -0.1139       
143           143           -0.0699       -0.0004       -0.0703       -0.0703       
144           144           +0.0043       -0.0001       +0.0042       +0.0042       
145           145           -0.2471       -0.0057       -0.2528       -0.2528       
146           146           -0.0798       -0.0016       -0.0814       -0.0814       
147           147           -0.0472       -0.0002       -0.0474       -0.0474       
148           148           -0.02         -0.0001       -0.0201       -0.0201       
149           149           -0.1299       -0.0008       -0.1307       -0.1307       
150           150           -0.0093       -0            -0.0093       -0.0093       
151           151           -0.0621       -0.0015       -0.0636       -0.0636       
152           152           -0.0699       -0.0018       -0.0717       -0.0717       
153           153           -0.1079       -0.0079       -0.1158       -0.1158       
154           154           -0.0924       -0.0008       -0.0932       -0.0932       
155           155           +0.0137       -0.0001       +0.0136       +0.0136       
156           156           +0            +0            +0            +0            
157           157           +0            +0            +0            +0            
158           158           -0.1378       -0.0012       -0.139        -0.139        
159           159           -0.0008       -0            -0.0008       -0.0008       
160           160           -0.0081       -0            -0.0081       -0.0081       
161           161           -0.0324       -0.0001       -0.0325       -0.0325       
162           162           -0.0396       -0            -0.0396       -0.0396       
163           163           -0.0225       -0            -0.0225       -0.0225       
164           164           -0.0002       -0            -0.0002       -0.0002       
165           165           -0.0176       -0.0001       -0.0177       -0.0177       
166           166           -0.0364       -0.0001       -0.0365       -0.0365       
167           167           -0.0002       -0            -0.0002       -0.0002       
168           168           +0            +0            +0            +0            
169           169           -0.0006       -0            -0.0006       -0.0006       
170           170           +0            -0            +0            +0            
171           171           -0.0046       -0            -0.0046       -0.0046       
172           172           -0.1038       -0.0012       -0.105        -0.105        
173           173           -0.0912       -0.0001       -0.0913       -0.0913       
174           174           -0.0083       -0            -0.0083       -0.0083       
175           175           -0.0252       -0            -0.0252       -0.0252       
176           176           +0.0034       -0            +0.0034       +0.0034       
177           177           -0.0191       -0            -0.0191       -0.0191       
178           178           +0            +0            +0            +0            
179           179           +0.0004       -0.0021       -0.0017       -0.0017       
180           180           -0.0568       -0.0004       -0.0572       -0.0572       
181           181           -0.0064       -0            -0.0064       -0.0064       
182           182           +0            +0            +0            +0            
183           183           -0.0032       -0            -0.0032       -0.0032       
184           184           +0            +0            +0            +0            
185           185           +0            +0            +0            +0            
186           186           +0.0025       -0            +0.0025       +0.0025       
187           187           -0.0431       -0.0018       -0.0449       -0.0449       
188           188           -0.0804       -0.0054       -0.0858       -0.0858       
189           189           -0.0053       -0.0001       -0.0054       -0.0054       
190           190           -0.0162       -0.0001       -0.0163       -0.0163       
191           191           -0.0691       -0.0006       -0.0697       -0.0697       
192           192           -0.0008       -0            -0.0008       -0.0008       
193           193           -0.0154       -0            -0.0154       -0.0154       
194           194           -0.0969       -0.003        -0.0999       -0.0999       
195           195           -0.0887       -0.0137       -0.1024       -0.1024       
196           196           -0.0871       -0.0003       -0.0874       -0.0874       
197           197           -0.077        -0.0002       -0.0772       -0.0772       
198           198           -0.052        -0            -0.052        -0.052        
199           199           -0.0622       -0.0034       -0.0656       -0.0656       
200           200           -0.0532       -0.0003       -0.0535       -0.0535       
201           201           -0.0618       -0.0015       -0.0633       -0.0633       
202           202           -0.0717       -0.0001       -0.0718       -0.0718       
203           203           +0.0005       -0            +0.0005       +0.0005       
204           204           -0.0729       -0.0035       -0.0764       -0.0764       
205           205           -0.004        -0            -0.004        -0.004        
206           206           +0            +0            +0            +0            
207           207           -0.014        -0            -0.014        -0.014        
208           208           +0            +0            +0            +0            
209           209           +0            +0            +0            +0            
210           210           -0.0223       -0            -0.0223       -0.0223       
211           211           +0            +0            +0            +0            
212           212           -0.0155       -0            -0.0155       -0.0155       
213           213           -0.0142       -0            -0.0142       -0.0142       
214           214           -0.0464       -0.0001       -0.0465       -0.0465       
215           215           -0.0494       -0.0001       -0.0495       -0.0495       
216           216           -0.0049       -0.0001       -0.005        -0.005        
217           217           +0.0008       -0            +0.0008       +0.0008       
218           218           +0.0032       -0            +0.0032       +0.0032       
219           219           -0.1437       -0.0056       -0.1493       -0.1493       
220           220           -0.057        -0.0012       -0.0582       -0.0582       
221           221           -0.0044       -0            -0.0044       -0.0044       
222           222           +0.0284       -0            +0.0284       +0.0284       
223           223           -0.0345       -0.0002       -0.0347       -0.0347       
224           224           -0.0618       -0.0017       -0.0635       -0.0635       
225           225           -0.0014       -0            -0.0014       -0.0014       
226           226           -0.0165       -0.0001       -0.0166       -0.0166       
227           227           -0.0152       -0            -0.0152       -0.0152       
228           228           -0.0286       -0.0001       -0.0287       -0.0287       
229           229           -0.0712       -0.0008       -0.072        -0.072        
230           230           -0.0349       -0.0004       -0.0353       -0.0353       
231           231           -0.0493       -0.0002       -0.0495       -0.0495       
232           232           -0.002        -0            -0.002        -0.002        
233           233           -0.0179       -0.0001       -0.018        -0.018        
234           234           -0.0517       -0.0017       -0.0534       -0.0534       
235           235           -0.0223       -0.0001       -0.0224       -0.0224       
236           236           +0.0007       -0            +0.0007       +0.0007       
237           237           -0.0323       -0            -0.0323       -0.0323       
238           238           -0.0375       -0            -0.0375       -0.0375       
239           239           -0.0198       -0            -0.0198       -0.0198       
240           240           -0.0592       -0.0003       -0.0595       -0.0595       
241           241           -0.0625       -0.0014       -0.0639       -0.0639       
242           242           +0.0126       -0            +0.0126       +0.0126       
243           243           -0.1003       -0.0014       -0.1017       -0.1017       
244           244           -0.0791       -0.0003       -0.0794       -0.0794       
245           245           -0.014        -0            -0.014        -0.014        
246           246           -0.0006       -0            -0.0006       -0.0006       
247           247           -0.0353       -0            -0.0353       -0.0353       
248           248           +0.0031       -0            +0.0031       +0.0031       
249           249           +0.0001       -0            +0.0001       +0.0001       
250           250           -0.0018       -0            -0.0018       -0.0018       
251           251           -0.0069       -0            -0.0069       -0.0069       
252           252           -0.0005       -0            -0.0005       -0.0005       
253           253           -0.0015       -0            -0.0015       -0.0015       
254           254           +0            +0            +0            +0            
255           255           +0            +0            +0            +0            
256           256           -0.0476       -0.0001       -0.0477       -0.0477       
257           257           -0.0243       -0            -0.0243       -0.0243       
258           258           -0.0037       -0            -0.0037       -0.0037       
259           259           +0            +0            +0            +0            
260           260           -0.0132       -0            -0.0132       -0.0132       
261           261           -0.0433       -0.0003       -0.0436       -0.0436       
262           262           -0.0032       -0            -0.0032       -0.0032       
263           263           -0.0037       -0            -0.0037       -0.0037       
264           264           -0.0334       -0            -0.0334       -0.0334       
265           265           -0.0006       -0            -0.0006       -0.0006       
266           266           -0.0518       -0.0019       -0.0537       -0.0537       
267           267           -0.0397       -0.0001       -0.0398       -0.0398       
268           268           -0.0304       -0.0004       -0.0308       -0.0308       
269           269           -0.1178       -0.0079       -0.1257       -0.1257       
270           270           +0.0208       -0.0271       -0.0063       -0.0063       
271           271           -0.0131       -0            -0.0131       -0.0131       
272           272           +0.002        -0            +0.002        +0.002        
273           273           +0            +0            +0            +0            
274           274           +0            +0            +0            +0            
275           275           +0            +0            +0            +0            
276           276           -0.0803       -0.0016       -0.0819       -0.0819       
277           277           -0.0676       -0.0004       -0.068        -0.068        
278           278           -0.0275       -0            -0.0275       -0.0275       
279           279           +0            +0            +0            +0            
280           280           -0.0057       -0            -0.0057       -0.0057       
281           281           +0            +0            +0            +0            
282           282           -0.032        -0            -0.032        -0.032        
283           283           -0.0107       -0            -0.0107       -0.0107       
284           284           +0            +0            +0            +0            
285           285           -0.0562       -0.0003       -0.0565       -0.0565       
286           286           -0.0384       -0.0001       -0.0385       -0.0385       
287           287           -0.0407       -0            -0.0407       -0.0407       
288           288           -0.0666       -0.0001       -0.0667       -0.0667       
289           289           -0.0959       -0.0033       -0.0992       -0.0992       
290           290           -0.001        -0            -0.001        -0.001        
291           291           -0.0007       -0            -0.0007       -0.0007       
292           292           +0            +0            +0            +0            
293           293           -0.069        -0.0002       -0.0692       -0.0692       
294           294           -0.0282       -0.0114       -0.0396       -0.0396       
295           295           -0.1512       -0.0263       -0.1775       -0.1775       
296           296           -0.0772       -0.0186       -0.0958       -0.0958       
297           297           -0.1691       -0.0066       -0.1757       -0.1757       
298           298           -0.1238       -0.0038       -0.1276       -0.1276       
299           299           -0.1736       -0.0008       -0.1744       -0.1744       
300           300           -0.147        -0.0873       -0.2343       -0.2343       
301           301           -0.1261       -0.0339       -0.16         -0.16         
302           302           +0.0247       -0.0244       +0.0003       +0.0003       
303           303           -0.167        -0.0313       -0.1983       -0.1983       
304           304           -0.0808       -0.1463       -0.2271       -0.2271       
305           305           -0.0656       -0.0609       -0.1265       -0.1265       
306           306           -0.0177       -0.1652       -0.1829       -0.1829       
307           307           +0.0544       -0.0597       -0.0053       -0.0053       
308           308           -0.2249       -0.1962       -0.4211       -0.4211       
309           309           -0.1668       -0.0779       -0.2447       -0.2447       
310           310           +0.3084       -0.0761       +0.2323       +0.2323       
311           311           -0.0045       -0.1486       -0.1531       -0.1531       
312           312           +0.8973       -0.1274       +0.7699       +0.7699       
313           313           +0.6594       -0.1156       +0.5438       +0.5438       
314           314           +0.5897       -0.1868       +0.4029       +0.4029       
315           315           +0.6469       -0.1751       +0.4718       +0.4718       
316           316           +0.2393       -0.1911       +0.0482       +0.0482       
317           317           -0.6098       -0.3122       -0.922        -0.922        
318           318           -0.4525       -0.1718       -0.6243       -0.6243       
319           319           +0.1805       -0.3101       -0.1296       -0.1296       
320           320           +0.4468       -0.2082       +0.2386       +0.2386       
321           321           -0.2522       -0.2551       -0.5073       -0.5073       
322           322           +0.459        -0.1473       +0.3117       +0.3117       
323           323           +0.8424       -0.1939       +0.6485       +0.6485       
324           324           +1.3721       -0.1139       +1.2582       +1.2582       
325           325           +0.7375       -0.0744       +0.6631       +0.6631       
326           326           +1.278        -0.0804       +1.1976       +1.1976       
327           327           +0.6953       -0.1778       +0.5175       +0.5175       
328           328           +0.7248       -0.2624       +0.4624       +0.4624       
329           329           +0.8098       -0.2044       +0.6054       +0.6054       
330           330           +0.3466       -0.1278       +0.2188       +0.2188       
331           331           -0.2991       -0.2341       -0.5332       -0.5332       
332           332           +0.671        -0.1823       +0.4887       +0.4887       
333           333           +0.4939       -0.0775       +0.4164       +0.4164       
334           334           +0.9069       -0.129        +0.7779       +0.7779       
335           335           +0.1867       -0.0588       +0.1279       +0.1279       
336           336           +0.1243       -0.0533       +0.071        +0.071        
337           337           +0.6146       -0.1511       +0.4635       +0.4635       
338           338           +0.2291       -0.1108       +0.1183       +0.1183       
339           339           +0.3141       -0.1003       +0.2138       +0.2138       
