Frame         Time          Elec          VdW           Nonbond       Total         
0             0             +0            +0            +0            +0            
1             1             +0            +0            +0            +0            
2             2             +0.0515       -0.0009       +0.0506       +0.0506       
3             3             +0.0512       -0.0053       +0.0459       +0.0459       
4             4             +0.0953       -0.0069       +0.0884       +0.0884       
5             5             +0.0189       -0            +0.0189       +0.0189       
6             6             +0.0134       -0            +0.0134       +0.0134       
7             7             +0            +0            +0            +0            
8             8             +0.0718       -0.0025       +0.0693       +0.0693       
9             9             -0.0526       -0.0029       -0.0555       -0.0555       
10            10            +0.007        -0.002        +0.005        +0.005        
11            11            -0.0088       -0.0538       -0.0626       -0.0626       
12            12            +0.0057       -0.0004       +0.0053       +0.0053       
13            13            +0.0269       -0.0027       +0.0242       +0.0242       
14            14            +0            +0            +0            +0            
15            15            +0.0642       -0.0011       +0.0631       +0.0631       
16            16            +0.0203       -0.0008       +0.0195       +0.0195       
17            17            -0.0061       -0.0196       -0.0257       -0.0257       
18            18            -0.1151       -0.0233       -0.1384       -0.1384       
19            19            -0.0283       -0            -0.0283       -0.0283       
20            20            +0            +0            +0            +0            
21            21            -0.0078       -0.0002       -0.008        -0.008        
22            22            +0            +0            +0            +0            
23            23            +0            +0            +0            +0            
24            24            +0            +0            +0            +0            
25            25            +0            +0            +0            +0            
26            26            +0            +0            +0            +0            
27            27            +0            +0            +0            +0            
28            28            +0            +0            +0            +0            
29            29            +0            +0            +0            +0            
30            30            +0            +0            +0            +0            
31            31            +0            +0            +0            +0            
32            32            +0            +0            +0            +0            
33            33            +0            +0            +0            +0            
34            34            +0            +0            +0            +0            
35            35            +0            +0            +0            +0            
36            36            +0            +0            +0            +0            
37            37            +0            +0            +0            +0            
38            38            +0            +0            +0            +0            
39            39            +0            +0            +0            +0            
40            40            +0            +0            +0            +0            
41            41            +0            +0            +0            +0            
42            42            +0            +0            +0            +0            
43            43            +0            +0            +0            +0            
44            44            +0            +0            +0            +0            
45            45            +0            +0            +0            +0            
46            46            +0            +0            +0            +0            
47            47            +0            +0            +0            +0            
48            48            +0            +0            +0            +0            
49            49            +0            +0            +0            +0            
50            50            +0            +0            +0            +0            
51            51            +0            +0            +0            +0            
52            52            +0            +0            +0            +0            
53            53            +0            +0            +0            +0            
54            54            +0            +0            +0            +0            
55            55            +0            +0            +0            +0            
56            56            +0            +0            +0            +0            
57            57            +0            +0            +0            +0            
58            58            +0            +0            +0            +0            
59            59            +0            +0            +0            +0            
60            60            +0            +0            +0            +0            
61            61            +0            +0            +0            +0            
62            62            +0            +0            +0            +0            
63            63            +0            +0            +0            +0            
64            64            +0            +0            +0            +0            
65            65            +0            +0            +0            +0            
66            66            +0.0196       -0            +0.0196       +0.0196       
67            67            +0.0199       -0            +0.0199       +0.0199       
68            68            +0.0304       -0.0031       +0.0273       +0.0273       
69            69            +0.0334       -0.0012       +0.0322       +0.0322       
70            70            +0.0472       -0.0009       +0.0463       +0.0463       
71            71            +0.0486       -0            +0.0486       +0.0486       
72            72            +0.0048       -0.0012       +0.0036       +0.0036       
73            73            +0.063        -0.0005       +0.0625       +0.0625       
74            74            +0.0102       -0.0008       +0.0094       +0.0094       
75            75            +0.01         -0            +0.01         +0.01         
76            76            +0.077        -0.0012       +0.0758       +0.0758       
77            77            +0.0303       -0.0004       +0.0299       +0.0299       
78            78            +0.0366       -0.0012       +0.0354       +0.0354       
79            79            +0.0915       -0.0128       +0.0787       +0.0787       
80            80            +0.0637       -0.0008       +0.0629       +0.0629       
81            81            +0.0573       -0.0001       +0.0572       +0.0572       
82            82            +0.0448       -0            +0.0448       +0.0448       
83            83            +0.0635       -0.0011       +0.0624       +0.0624       
84            84            +0.0723       -0.0018       +0.0705       +0.0705       
85            85            +0.0733       -0.0001       +0.0732       +0.0732       
86            86            +0.0906       -0.0003       +0.0903       +0.0903       
87            87            +0.0958       -0.0022       +0.0936       +0.0936       
88            88            +0.0619       -0.0011       +0.0608       +0.0608       
89            89            +0.0346       -0.0005       +0.0341       +0.0341       
90            90            +0.126        -0.0019       +0.1241       +0.1241       
91            91            +0.0551       -0.0013       +0.0538       +0.0538       
92            92            +0.0278       -0.0012       +0.0266       +0.0266       
93            93            +0.1266       -0.0026       +0.124        +0.124        
94            94            +0.024        -0.0007       +0.0233       +0.0233       
95            95            +0.0507       -0.0005       +0.0502       +0.0502       
96            96            +0.079        -0.001        +0.078        +0.078        
97            97            +0.1509       -0.0041       +0.1468       +0.1468       
98            98            +0.1275       -0.0026       +0.1249       +0.1249       
99            99            +0.0854       -0.0019       +0.0835       +0.0835       
100           100           +0.1032       -0.0033       +0.0999       +0.0999       
101           101           +0.1274       -0.0035       +0.1239       +0.1239       
102           102           +0.0237       -0.0003       +0.0234       +0.0234       
103           103           +0.0976       -0.0033       +0.0943       +0.0943       
104           104           +0.0949       -0.0016       +0.0933       +0.0933       
105           105           +0.1104       -0.0021       +0.1083       +0.1083       
106           106           +0.0815       -0.0035       +0.078        +0.078        
107           107           +0.1148       -0.0021       +0.1127       +0.1127       
108           108           +0.067        -0.0009       +0.0661       +0.0661       
109           109           +0.1251       -0.0035       +0.1216       +0.1216       
110           110           +0.0329       -0.0003       +0.0326       +0.0326       
111           111           +0.045        -0.0009       +0.0441       +0.0441       
112           112           +0.0499       -0.0017       +0.0482       +0.0482       
113           113           +0.0709       -0.0024       +0.0685       +0.0685       
114           114           +0.068        -0.0003       +0.0677       +0.0677       
115           115           +0.0837       -0.0027       +0.081        +0.081        
116           116           +0.1428       -0.0023       +0.1405       +0.1405       
117           117           +0.0435       -0.0003       +0.0432       +0.0432       
118           118           +0.1254       -0.0036       +0.1218       +0.1218       
119           119           +0.0679       -0.0002       +0.0677       +0.0677       
120           120           +0.0934       -0.001        +0.0924       +0.0924       
121           121           +0.085        -0.001        +0.084        +0.084        
122           122           +0.0571       -0.0003       +0.0568       +0.0568       
123           123           +0.0274       -0.0003       +0.0271       +0.0271       
124           124           +0.1253       -0.0025       +0.1228       +0.1228       
125           125           +0.119        -0.0033       +0.1157       +0.1157       
126           126           +0.0743       -0.0033       +0.071        +0.071        
127           127           +0.0887       -0.0038       +0.0849       +0.0849       
128           128           +0.1208       -0.0039       +0.1169       +0.1169       
129           129           +0.1149       -0.0008       +0.1141       +0.1141       
130           130           +0.1051       -0.003        +0.1021       +0.1021       
131           131           +0.0754       -0.0004       +0.075        +0.075        
132           132           +0.1211       -0.0031       +0.118        +0.118        
133           133           +0.1021       -0.0025       +0.0996       +0.0996       
134           134           +0.0789       -0.0011       +0.0778       +0.0778       
135           135           +0.0209       -0.0004       +0.0205       +0.0205       
136           136           +0.1543       -0.0019       +0.1524       +0.1524       
137           137           +0.1275       -0.0016       +0.1259       +0.1259       
138           138           +0.0441       -0.0023       +0.0418       +0.0418       
139           139           +0.0721       -0.0003       +0.0718       +0.0718       
140           140           +0.1669       -0.0043       +0.1626       +0.1626       
141           141           +0.0551       -0.0007       +0.0544       +0.0544       
142           142           +0.1206       -0.0036       +0.117        +0.117        
143           143           +0.0985       -0.0052       +0.0933       +0.0933       
144           144           +0.0682       -0.0025       +0.0657       +0.0657       
145           145           +0.1205       -0.0037       +0.1168       +0.1168       
146           146           +0.0215       -0.001        +0.0205       +0.0205       
147           147           +0.1009       -0.0022       +0.0987       +0.0987       
148           148           +0.0597       -0.0015       +0.0582       +0.0582       
149           149           +0.0709       -0.002        +0.0689       +0.0689       
150           150           +0.0763       -0.0001       +0.0762       +0.0762       
151           151           +0.1768       -0.0058       +0.171        +0.171        
152           152           +0.0398       -0.0003       +0.0395       +0.0395       
153           153           +0.0143       -0.0007       +0.0136       +0.0136       
154           154           +0.0289       -0.0007       +0.0282       +0.0282       
155           155           +0.0582       -0.0002       +0.058        +0.058        
156           156           +0.0556       -0.0001       +0.0555       +0.0555       
157           157           +0.0392       -0.0003       +0.0389       +0.0389       
158           158           +0.0341       -0.0004       +0.0337       +0.0337       
159           159           +0.0176       -0.0004       +0.0172       +0.0172       
160           160           +0.0362       -0.0018       +0.0344       +0.0344       
161           161           +0.0177       -0.0001       +0.0176       +0.0176       
162           162           +0.0432       -0.0002       +0.043        +0.043        
163           163           +0.0195       -0.0004       +0.0191       +0.0191       
164           164           +0.0511       -0.0001       +0.051        +0.051        
165           165           +0.0305       -0.0002       +0.0303       +0.0303       
166           166           +0.0383       -0.0005       +0.0378       +0.0378       
167           167           +0.0412       -0.0002       +0.041        +0.041        
168           168           +0.1179       -0.0003       +0.1176       +0.1176       
169           169           +0.0481       -0.0006       +0.0475       +0.0475       
170           170           +0.0579       -0.0003       +0.0576       +0.0576       
171           171           +0.1133       -0.0017       +0.1116       +0.1116       
172           172           +0.1722       -0.0032       +0.169        +0.169        
173           173           +0.1303       -0.0021       +0.1282       +0.1282       
174           174           +0.0297       -0.0005       +0.0292       +0.0292       
175           175           +0.0379       -0.0007       +0.0372       +0.0372       
176           176           +0.1054       -0.0002       +0.1052       +0.1052       
177           177           +0.1356       -0.0026       +0.133        +0.133        
178           178           +0.0532       -0.0002       +0.053        +0.053        
179           179           +0.0753       -0.0027       +0.0726       +0.0726       
180           180           +0.02         -0.0005       +0.0195       +0.0195       
181           181           +0.0611       -0.0055       +0.0556       +0.0556       
182           182           +0.0929       -0            +0.0929       +0.0929       
183           183           +0.0808       -0.0025       +0.0783       +0.0783       
184           184           +0.0595       -0            +0.0595       +0.0595       
185           185           +0.0492       -0.0075       +0.0417       +0.0417       
186           186           +0.0346       -0.0002       +0.0344       +0.0344       
187           187           +0.0293       -0            +0.0293       +0.0293       
188           188           +0.0687       -0.0017       +0.067        +0.067        
189           189           +0.0686       -0.0001       +0.0685       +0.0685       
190           190           +0.0718       -0.0002       +0.0716       +0.0716       
191           191           +0.059        -0.0014       +0.0576       +0.0576       
192           192           +0.0679       -0.0002       +0.0677       +0.0677       
193           193           +0.0735       -0.0011       +0.0724       +0.0724       
194           194           +0.0959       -0.0023       +0.0936       +0.0936       
195           195           +0.0961       -0.0066       +0.0895       +0.0895       
196           196           +0.06         -0.0004       +0.0596       +0.0596       
197           197           +0.0624       -0.0005       +0.0619       +0.0619       
198           198           +0.0307       -0.0011       +0.0296       +0.0296       
199           199           +0.0964       -0.0008       +0.0956       +0.0956       
200           200           +0.0395       -0.0006       +0.0389       +0.0389       
201           201           +0.0595       -0.0007       +0.0588       +0.0588       
202           202           +0.069        -0.001        +0.068        +0.068        
203           203           +0.0462       -0.0003       +0.0459       +0.0459       
204           204           +0.0929       -0.0013       +0.0916       +0.0916       
205           205           +0.0677       -0.0009       +0.0668       +0.0668       
206           206           +0.0777       -0.0003       +0.0774       +0.0774       
207           207           +0.1629       -0.0038       +0.1591       +0.1591       
208           208           +0.0514       -0.0004       +0.051        +0.051        
209           209           +0.0864       -0.0001       +0.0863       +0.0863       
210           210           +0.0612       -0.0005       +0.0607       +0.0607       
211           211           +0.1169       -0.0007       +0.1162       +0.1162       
212           212           +0.0615       -0.0004       +0.0611       +0.0611       
213           213           +0.0575       -0.0003       +0.0572       +0.0572       
214           214           +0.0139       -0.0015       +0.0124       +0.0124       
215           215           +0.0982       -0.0029       +0.0953       +0.0953       
216           216           +0.1105       -0.0017       +0.1088       +0.1088       
217           217           +0.0371       -0.0008       +0.0363       +0.0363       
218           218           +0.0837       -0.0008       +0.0829       +0.0829       
219           219           +0.2374       -0.0022       +0.2352       +0.2352       
220           220           +0.055        -0.0009       +0.0541       +0.0541       
221           221           +0.0641       -0.0001       +0.064        +0.064        
222           222           +0.079        -0.0003       +0.0787       +0.0787       
223           223           +0.0363       -0.0002       +0.0361       +0.0361       
224           224           +0.0963       -0.0017       +0.0946       +0.0946       
225           225           +0.0826       -0.0003       +0.0823       +0.0823       
226           226           +0.0855       -0.0003       +0.0852       +0.0852       
227           227           +0.0753       -0.0008       +0.0745       +0.0745       
228           228           +0.0458       -0.0015       +0.0443       +0.0443       
229           229           +0.0086       -0.0011       +0.0075       +0.0075       
230           230           +0.1794       -0.0046       +0.1748       +0.1748       
231           231           +0.1713       -0.0088       +0.1625       +0.1625       
232           232           +0.0635       -0.0019       +0.0616       +0.0616       
233           233           +0.1287       -0.0025       +0.1262       +0.1262       
234           234           +0.0833       -0.002        +0.0813       +0.0813       
235           235           +0.0725       -0.0004       +0.0721       +0.0721       
236           236           +0.0264       -0.0002       +0.0262       +0.0262       
237           237           +0.0722       -0.0004       +0.0718       +0.0718       
238           238           +0.0459       -0.0016       +0.0443       +0.0443       
239           239           +0.06         -0.0006       +0.0594       +0.0594       
240           240           +0.0391       -0.0008       +0.0383       +0.0383       
241           241           +0.1758       -0.0026       +0.1732       +0.1732       
242           242           +0.1532       -0.0057       +0.1475       +0.1475       
243           243           +0.0591       -0.0019       +0.0572       +0.0572       
244           244           +0.1429       -0.0039       +0.139        +0.139        
245           245           +0.0965       -0.0023       +0.0942       +0.0942       
246           246           +0.0155       -0.0004       +0.0151       +0.0151       
247           247           +0.1197       -0.002        +0.1177       +0.1177       
248           248           +0.0704       -0.0007       +0.0697       +0.0697       
249           249           +0.0947       -0.0001       +0.0946       +0.0946       
250           250           +0.0448       -0.0008       +0.044        +0.044        
251           251           +0.1291       -0.0025       +0.1266       +0.1266       
252           252           +0.0563       -0.0039       +0.0524       +0.0524       
253           253           +0.1085       -0.0017       +0.1068       +0.1068       
254           254           +0.0537       -0.0002       +0.0535       +0.0535       
255           255           +0.0854       -0.0003       +0.0851       +0.0851       
256           256           +0.0454       -0.0015       +0.0439       +0.0439       
257           257           +0.0308       -0.0006       +0.0302       +0.0302       
258           258           +0.0425       -0.0007       +0.0418       +0.0418       
259           259           +0.0555       -0            +0.0555       +0.0555       
260           260           +0.0579       -0.002        +0.0559       +0.0559       
261           261           +0.2044       -0.0031       +0.2013       +0.2013       
262           262           +0.0411       -0.0006       +0.0405       +0.0405       
263           263           +0.108        -0.0003       +0.1077       +0.1077       
264           264           +0.049        -0.001        +0.048        +0.048        
265           265           +0.0775       -0.0003       +0.0772       +0.0772       
266           266           +0.0876       -0.0021       +0.0855       +0.0855       
267           267           +0.0426       -0            +0.0426       +0.0426       
268           268           +0.0546       -0.0003       +0.0543       +0.0543       
269           269           +0.1502       -0.0011       +0.1491       +0.1491       
270           270           +0.2696       -0.0042       +0.2654       +0.2654       
271           271           +0.0421       -0.0015       +0.0406       +0.0406       
272           272           +0.0429       -0.0005       +0.0424       +0.0424       
273           273           +0.0699       -0            +0.0699       +0.0699       
274           274           +0.0768       -0.0001       +0.0767       +0.0767       
275           275           +0.0894       -0.0001       +0.0893       +0.0893       
276           276           +0.0898       -0.0006       +0.0892       +0.0892       
277           277           +0.0555       -0.0001       +0.0554       +0.0554       
278           278           +0.0922       -0.0015       +0.0907       +0.0907       
279           279           +0.0888       -0.0001       +0.0887       +0.0887       
280           280           +0.1121       -0.0007       +0.1114       +0.1114       
281           281           +0.0418       -0            +0.0418       +0.0418       
282           282           +0.0751       -0.0027       +0.0724       +0.0724       
283           283           +0.0402       -0.0008       +0.0394       +0.0394       
284           284           +0.0878       -0.0001       +0.0877       +0.0877       
285           285           +0.0637       -0.0001       +0.0636       +0.0636       
286           286           +0.0573       -0.0012       +0.0561       +0.0561       
287           287           +0.1003       -0.0013       +0.099        +0.099        
288           288           +0.0971       -0.0025       +0.0946       +0.0946       
289           289           +0.0887       -0.0016       +0.0871       +0.0871       
290           290           +0.0114       -0            +0.0114       +0.0114       
291           291           +0.0609       -0.0001       +0.0608       +0.0608       
292           292           +0.0885       -0.0001       +0.0884       +0.0884       
293           293           +0.0041       -0            +0.0041       +0.0041       
294           294           +0.0845       -0.0001       +0.0844       +0.0844       
295           295           -0.1079       -0.0022       -0.1101       -0.1101       
296           296           +0.038        -0            +0.038        +0.038        
297           297           +0.069        -0.0003       +0.0687       +0.0687       
298           298           +0.1725       -0.0017       +0.1708       +0.1708       
299           299           +0.3928       -0.01         +0.3828       +0.3828       
300           300           -0.1157       -0.0226       -0.1383       -0.1383       
301           301           -0.5203       -0.0246       -0.5449       -0.5449       
302           302           +0.29         -0.0046       +0.2854       +0.2854       
303           303           -0.0619       -0.0178       -0.0797       -0.0797       
304           304           +0.1029       -0.0107       +0.0922       +0.0922       
305           305           -0.6003       -0.0395       -0.6398       -0.6398       
306           306           -0.0564       -0.0318       -0.0882       -0.0882       
307           307           -0.6248       -0.0323       -0.6571       -0.6571       
308           308           -1.1517       -0.0767       -1.2284       -1.2284       
309           309           -0.5224       -0.0234       -0.5458       -0.5458       
310           310           -0.139        -0.0483       -0.1873       -0.1873       
311           311           -0.1483       -0.0707       -0.219        -0.219        
312           312           +0.3076       -0.0558       +0.2518       +0.2518       
313           313           -0.3049       -0.1056       -0.4105       -0.4105       
314           314           +0.0712       -0.056        +0.0152       +0.0152       
315           315           +0.0547       -0.055        -0.0003       -0.0003       
316           316           +0.0505       -0.074        -0.0235       -0.0235       
317           317           +0.1575       -0.0507       +0.1068       +0.1068       
318           318           +0.3665       -0.0565       +0.31         +0.31         
319           319           +0.1989       -0.0418       +0.1571       +0.1571       
320           320           -0.2405       -0.0813       -0.3218       -0.3218       
321           321           -0.2869       -0.1202       -0.4071       -0.4071       
322           322           -0.3667       -0.1438       -0.5105       -0.5105       
323           323           -0.7994       -0.0943       -0.8937       -0.8937       
324           324           -1.3785       -0.1123       -1.4908       -1.4908       
325           325           -1.6458       -0.0772       -1.723        -1.723        
326           326           +1.2541       -0.2003       +1.0538       +1.0538       
327           327           +0.8096       -0.1701       +0.6395       +0.6395       
328           328           +0.9861       -0.1174       +0.8687       +0.8687       
329           329           +1.0354       -0.1244       +0.911        +0.911        
330           330           -0.2165       -0.0805       -0.297        -0.297        
331           331           -0.747        -0.0856       -0.8326       -0.8326       
332           332           -0.7998       -0.1317       -0.9315       -0.9315       
333           333           -0.0816       -0.0825       -0.1641       -0.1641       
334           334           -0.5165       -0.0943       -0.6108       -0.6108       
335           335           -0.2673       -0.1193       -0.3866       -0.3866       
336           336           -0.729        -0.182        -0.911        -0.911        
337           337           -0.0898       -0.1793       -0.2691       -0.2691       
338           338           -0.9292       -0.0835       -1.0127       -1.0127       
339           339           -0.9344       -0.0827       -1.0171       -1.0171       
