Frame         Time          Elec          VdW           Nonbond       Total         
0             0             +0            +0            +0            +0            
1             1             +0            +0            +0            +0            
2             2             -0.1762       -0            -0.1762       -0.1762       
3             3             -0.7887       -0.0012       -0.7899       -0.7899       
4             4             -0.0308       -0            -0.0308       -0.0308       
5             5             +0            +0            +0            +0            
6             6             +0            +0            +0            +0            
7             7             +0            +0            +0            +0            
8             8             +0            +0            +0            +0            
9             9             +0            +0            +0            +0            
10            10            +0            +0            +0            +0            
11            11            +0            +0            +0            +0            
12            12            -0.682        -0.0003       -0.6823       -0.6823       
13            13            +0            +0            +0            +0            
14            14            -0.3823       -0.0001       -0.3824       -0.3824       
15            15            +0            +0            +0            +0            
16            16            -0.9278       -0.001        -0.9288       -0.9288       
17            17            -0.47         -0.0004       -0.4704       -0.4704       
18            18            -0.0156       -0            -0.0156       -0.0156       
19            19            -0.0069       -0            -0.0069       -0.0069       
20            20            -0.3514       -0.0002       -0.3516       -0.3516       
21            21            -1.0813       -0.002        -1.0833       -1.0833       
22            22            -0.2374       -0.0002       -0.2376       -0.2376       
23            23            +0            +0            +0            +0            
24            24            -0.1342       -0            -0.1342       -0.1342       
25            25            +0            +0            +0            +0            
26            26            +0            +0            +0            +0            
27            27            +0            +0            +0            +0            
28            28            +0            +0            +0            +0            
29            29            +0            +0            +0            +0            
30            30            +0            +0            +0            +0            
31            31            +0            +0            +0            +0            
32            32            +0            +0            +0            +0            
33            33            +0            +0            +0            +0            
34            34            +0            +0            +0            +0            
35            35            +0            +0            +0            +0            
36            36            +0            +0            +0            +0            
37            37            +0            +0            +0            +0            
38            38            +0            +0            +0            +0            
39            39            +0            +0            +0            +0            
40            40            +0            +0            +0            +0            
41            41            +0            +0            +0            +0            
42            42            +0            +0            +0            +0            
43            43            +0            +0            +0            +0            
44            44            +0            +0            +0            +0            
45            45            +0            +0            +0            +0            
46            46            +0            +0            +0            +0            
47            47            +0            +0            +0            +0            
48            48            +0            +0            +0            +0            
49            49            +0            +0            +0            +0            
50            50            +0            +0            +0            +0            
51            51            +0            +0            +0            +0            
52            52            +0            +0            +0            +0            
53            53            +0            +0            +0            +0            
54            54            +0            +0            +0            +0            
55            55            +0            +0            +0            +0            
56            56            +0            +0            +0            +0            
57            57            +0            +0            +0            +0            
58            58            +0            +0            +0            +0            
59            59            +0            +0            +0            +0            
60            60            +0            +0            +0            +0            
61            61            +0            +0            +0            +0            
62            62            +0            +0            +0            +0            
63            63            +0            +0            +0            +0            
64            64            +0            +0            +0            +0            
65            65            +0            +0            +0            +0            
66            66            +0            +0            +0            +0            
67            67            +0            +0            +0            +0            
68            68            +0            +0            +0            +0            
69            69            +0            +0            +0            +0            
70            70            -0.0109       -0            -0.0109       -0.0109       
71            71            +0            +0            +0            +0            
72            72            +0            +0            +0            +0            
73            73            +0            +0            +0            +0            
74            74            +0.004        -0            +0.004        +0.004        
75            75            +0            -0            +0            +0            
76            76            -0.6517       -0.0043       -0.656        -0.656        
77            77            +0            +0            +0            +0            
78            78            +0.0832       -0            +0.0832       +0.0832       
79            79            +0            +0            +0            +0            
80            80            +0            +0            +0            +0            
81            81            +0.0465       -0.0001       +0.0464       +0.0464       
82            82            +0            +0            +0            +0            
83            83            -0.1626       -0.0013       -0.1639       -0.1639       
84            84            -0.1025       -0.001        -0.1035       -0.1035       
85            85            -0.2516       -0.0003       -0.2519       -0.2519       
86            86            +0            +0            +0            +0            
87            87            +0            +0            +0            +0            
88            88            +0            +0            +0            +0            
89            89            +0            +0            +0            +0            
90            90            +0            +0            +0            +0            
91            91            +0.0645       -0.0002       +0.0643       +0.0643       
92            92            +0            +0            +0            +0            
93            93            -0.8624       -0.0073       -0.8697       -0.8697       
94            94            -0.809        -0.0118       -0.8208       -0.8208       
95            95            +0.135        -0.0006       +0.1344       +0.1344       
96            96            -0.1804       -0.0018       -0.1822       -0.1822       
97            97            -0.5962       -0.0138       -0.61         -0.61         
98            98            -0.2106       -0.0027       -0.2133       -0.2133       
99            99            -1.0961       -0.0139       -1.11         -1.11         
100           100           -0.6596       -0.0206       -0.6802       -0.6802       
101           101           -2.0377       -0.0123       -2.05         -2.05         
102           102           -1.3138       -0.023        -1.3368       -1.3368       
103           103           -0.3358       -0.0499       -0.3857       -0.3857       
104           104           -2.0801       -0.0883       -2.1684       -2.1684       
105           105           -0.8681       -0.053        -0.9211       -0.9211       
106           106           -0.3234       -0.0044       -0.3278       -0.3278       
107           107           -0.5845       -0.0069       -0.5914       -0.5914       
108           108           +0.0705       -0            +0.0705       +0.0705       
109           109           +0.6567       -0.0135       +0.6432       +0.6432       
110           110           -0.1463       -0.001        -0.1473       -0.1473       
111           111           +0.1472       -0.0009       +0.1463       +0.1463       
112           112           -1.1443       -0.1803       -1.3246       -1.3246       
113           113           -0.7453       -0.0051       -0.7504       -0.7504       
114           114           -0.8506       -0.0086       -0.8592       -0.8592       
115           115           -0.7095       -0.0168       -0.7263       -0.7263       
116           116           -1.31         -0.0293       -1.3393       -1.3393       
117           117           -1.0203       -0.0141       -1.0344       -1.0344       
118           118           -2.5782       -0.0537       -2.6319       -2.6319       
119           119           -0.2833       -0.0024       -0.2857       -0.2857       
120           120           -1.4368       -0.045        -1.4818       -1.4818       
121           121           +0.01         -0            +0.01         +0.01         
122           122           -0.2547       -0.0022       -0.2569       -0.2569       
123           123           +0            +0            +0            +0            
124           124           -0.7245       -0.0133       -0.7378       -0.7378       
125           125           +0.3126       -0.0055       +0.3071       +0.3071       
126           126           -0.1364       -0.0021       -0.1385       -0.1385       
127           127           +0.1281       -0.0086       +0.1195       +0.1195       
128           128           +0.0466       -0            +0.0466       +0.0466       
129           129           +0            -0            +0            +0            
130           130           +0.0088       -0.0002       +0.0086       +0.0086       
131           131           -0.4623       -0.0088       -0.4711       -0.4711       
132           132           -1.0579       -0.0165       -1.0744       -1.0744       
133           133           +0.0827       -0.0001       +0.0826       +0.0826       
134           134           -0.1598       -0.001        -0.1608       -0.1608       
135           135           -0.9503       -0.0132       -0.9635       -0.9635       
136           136           -0.8362       -0.0469       -0.8831       -0.8831       
137           137           +0.115        -0.0866       +0.0284       +0.0284       
138           138           -0.4301       -0.0122       -0.4423       -0.4423       
139           139           -0.3896       -0.0032       -0.3928       -0.3928       
140           140           -1.2139       -0.026        -1.2399       -1.2399       
141           141           -0.0242       -0            -0.0242       -0.0242       
142           142           -0.2162       -0.0007       -0.2169       -0.2169       
143           143           -0.5557       -0.0049       -0.5606       -0.5606       
144           144           -0.2391       -0.0015       -0.2406       -0.2406       
145           145           -0.4491       -0.0081       -0.4572       -0.4572       
146           146           -0.0374       -0.0015       -0.0389       -0.0389       
147           147           -1.12         -0.0094       -1.1294       -1.1294       
148           148           -0.1944       -0.0026       -0.197        -0.197        
149           149           -3.1063       -0.0101       -3.1164       -3.1164       
150           150           -0.033        -0.0003       -0.0333       -0.0333       
151           151           -0.0892       -0.0053       -0.0945       -0.0945       
152           152           +0.0101       -0.0002       +0.0099       +0.0099       
153           153           -0.2467       -0.0012       -0.2479       -0.2479       
154           154           +0.0249       -0            +0.0249       +0.0249       
155           155           +0.009        -0            +0.009        +0.009        
156           156           +0.0039       -0            +0.0039       +0.0039       
157           157           +0.211        -0.0002       +0.2108       +0.2108       
158           158           -0.4273       -0.0085       -0.4358       -0.4358       
159           159           +0.0297       -0.0005       +0.0292       +0.0292       
160           160           -0.2197       -0.0012       -0.2209       -0.2209       
161           161           +0.0863       -0.0003       +0.086        +0.086        
162           162           -0.0391       -0.0002       -0.0393       -0.0393       
163           163           +0.0562       -0.0001       +0.0561       +0.0561       
164           164           +0            +0            +0            +0            
165           165           +0            +0            +0            +0            
166           166           +0.0137       -0            +0.0137       +0.0137       
167           167           +0            +0            +0            +0            
168           168           +0            +0            +0            +0            
169           169           +0.0517       -0.0001       +0.0516       +0.0516       
170           170           +0.0543       -0            +0.0543       +0.0543       
171           171           -0.2347       -0.0008       -0.2355       -0.2355       
172           172           -0.3834       -0.0049       -0.3883       -0.3883       
173           173           +0.0914       -0.0004       +0.091        +0.091        
174           174           +0.0069       -0            +0.0069       +0.0069       
175           175           +0.078        -0            +0.078        +0.078        
176           176           -1.1638       -0.0083       -1.1721       -1.1721       
177           177           -0.6375       -0.0056       -0.6431       -0.6431       
178           178           +0.0853       -0.0001       +0.0852       +0.0852       
179           179           -0.3608       -0.0069       -0.3677       -0.3677       
180           180           +0.0253       -0.0005       +0.0248       +0.0248       
181           181           -0.1428       -0.0024       -0.1452       -0.1452       
182           182           +0            +0            +0            +0            
183           183           -0.0014       -0            -0.0014       -0.0014       
184           184           +0            +0            +0            +0            
185           185           +0.0211       -0            +0.0211       +0.0211       
186           186           -0.2881       -0.0014       -0.2895       -0.2895       
187           187           -0.1875       -0.0013       -0.1888       -0.1888       
188           188           -0.7213       -0.0045       -0.7258       -0.7258       
189           189           +0.1246       -0.0003       +0.1243       +0.1243       
190           190           +0.0389       -0.0009       +0.038        +0.038        
191           191           -0.3246       -0.0012       -0.3258       -0.3258       
192           192           +0.0125       -0            +0.0125       +0.0125       
193           193           -0.5893       -0.0018       -0.5911       -0.5911       
194           194           -0.1291       -0.0008       -0.1299       -0.1299       
195           195           +0            +0            +0            +0            
196           196           -0.0029       -0            -0.0029       -0.0029       
197           197           -0.0436       -0.0001       -0.0437       -0.0437       
198           198           +0            +0            +0            +0            
199           199           -0.4027       -0.0031       -0.4058       -0.4058       
200           200           -0.3441       -0.0018       -0.3459       -0.3459       
201           201           -0.8154       -0.0036       -0.819        -0.819        
202           202           -0.0898       -0.0014       -0.0912       -0.0912       
203           203           +0.0436       -0.0001       +0.0435       +0.0435       
204           204           -0.6931       -0.0148       -0.7079       -0.7079       
205           205           +0.102        -0.0005       +0.1015       +0.1015       
206           206           +0.077        -0            +0.077        +0.077        
207           207           +0            +0            +0            +0            
208           208           +0            +0            +0            +0            
209           209           +0            +0            +0            +0            
210           210           -0.0456       -0.0007       -0.0463       -0.0463       
211           211           -0.6981       -0.0032       -0.7013       -0.7013       
212           212           +0            +0            +0            +0            
213           213           +0.0574       -0            +0.0574       +0.0574       
214           214           +0.0001       -0            +0.0001       +0.0001       
215           215           +0.0384       -0            +0.0384       +0.0384       
216           216           +0.0798       -0.0005       +0.0793       +0.0793       
217           217           +0            +0            +0            +0            
218           218           -0.1446       -0.0005       -0.1451       -0.1451       
219           219           -2.4763       -0.1249       -2.6012       -2.6012       
220           220           -0.4244       -0.0034       -0.4278       -0.4278       
221           221           +0.0963       -0.0001       +0.0962       +0.0962       
222           222           -0.9516       -0.0092       -0.9608       -0.9608       
223           223           +0.0236       -0            +0.0236       +0.0236       
224           224           -0.3966       -0.003        -0.3996       -0.3996       
225           225           +0.0153       -0.0002       +0.0151       +0.0151       
226           226           -0.1938       -0.0012       -0.195        -0.195        
227           227           +0.0814       -0            +0.0814       +0.0814       
228           228           -0.024        -0.0019       -0.0259       -0.0259       
229           229           -0.0947       -0.0003       -0.095        -0.095        
230           230           -0.012        -0            -0.012        -0.012        
231           231           -0.2781       -0.0003       -0.2784       -0.2784       
232           232           +0.1014       -0            +0.1014       +0.1014       
233           233           -0.6205       -0.0025       -0.623        -0.623        
234           234           +0.0755       -0.0005       +0.075        +0.075        
235           235           -0.2007       -0.0013       -0.202        -0.202        
236           236           -0.1026       -0.0004       -0.103        -0.103        
237           237           +0.0124       -0            +0.0124       +0.0124       
238           238           -0.4054       -0.0012       -0.4066       -0.4066       
239           239           +0.0454       -0            +0.0454       +0.0454       
240           240           -0.2724       -0.0013       -0.2737       -0.2737       
241           241           -0.2679       -0.0014       -0.2693       -0.2693       
242           242           +0.1321       -0.0007       +0.1314       +0.1314       
243           243           +0.0253       -0.0001       +0.0252       +0.0252       
244           244           -0.1283       -0.0111       -0.1394       -0.1394       
245           245           -0.1251       -0.0001       -0.1252       -0.1252       
246           246           +0.011        -0            +0.011        +0.011        
247           247           -0.2111       -0.0008       -0.2119       -0.2119       
248           248           -0.3632       -0.0038       -0.367        -0.367        
249           249           +0            +0            +0            +0            
250           250           +0.0718       -0.0001       +0.0717       +0.0717       
251           251           +0            +0            +0            +0            
252           252           +0            +0            +0            +0            
253           253           +0.0807       -0.0003       +0.0804       +0.0804       
254           254           +0            +0            +0            +0            
255           255           +0.0454       -0            +0.0454       +0.0454       
256           256           -0.3543       -0.0018       -0.3561       -0.3561       
257           257           +0            +0            +0            +0            
258           258           +0.0566       -0            +0.0566       +0.0566       
259           259           -0.6504       -0.0015       -0.6519       -0.6519       
260           260           +0            +0            +0            +0            
261           261           -1.5491       -0.0129       -1.562        -1.562        
262           262           -0.1667       -0.0002       -0.1669       -0.1669       
263           263           -0.2957       -0.0006       -0.2963       -0.2963       
264           264           +0.0375       -0            +0.0375       +0.0375       
265           265           +0            +0            +0            +0            
266           266           -0.8211       -0.011        -0.8321       -0.8321       
267           267           -0.051        -0            -0.051        -0.051        
268           268           -0.7947       -0.0049       -0.7996       -0.7996       
269           269           -0.441        -0.0154       -0.4564       -0.4564       
270           270           -0.7485       -0.0357       -0.7842       -0.7842       
271           271           -0.8308       -0.0064       -0.8372       -0.8372       
272           272           +0.0017       -0            +0.0017       +0.0017       
273           273           +0            +0            +0            +0            
274           274           +0.1226       -0            +0.1226       +0.1226       
275           275           +0            +0            +0            +0            
276           276           -0.1095       -0.0002       -0.1097       -0.1097       
277           277           +0            +0            +0            +0            
278           278           +0            +0            +0            +0            
279           279           +0            +0            +0            +0            
280           280           +0            +0            +0            +0            
281           281           +0            +0            +0            +0            
282           282           +0            +0            +0            +0            
283           283           +0            +0            +0            +0            
284           284           +0            +0            +0            +0            
285           285           +0            +0            +0            +0            
286           286           +0            +0            +0            +0            
287           287           -0.0004       -0            -0.0004       -0.0004       
288           288           -0.0712       -0            -0.0712       -0.0712       
289           289           +0.006        -0.0001       +0.0059       +0.0059       
290           290           +0            +0            +0            +0            
291           291           +0            +0            +0            +0            
292           292           +0            +0            +0            +0            
293           293           +0            +0            +0            +0            
294           294           -0.036        -0            -0.036        -0.036        
295           295           +0.005        -0.0001       +0.0049       +0.0049       
296           296           -0.014        -0            -0.014        -0.014        
297           297           +0            +0            +0            +0            
298           298           +0            +0            +0            +0            
299           299           +0.0205       -0            +0.0205       +0.0205       
300           300           -0.1969       -0.0014       -0.1983       -0.1983       
301           301           +0.0065       -0.0005       +0.006        +0.006        
302           302           +0.1914       -0.0017       +0.1897       +0.1897       
303           303           +0.0809       -0.0261       +0.0548       +0.0548       
304           304           +0.0614       -0.005        +0.0564       +0.0564       
305           305           +0.5454       -0.0236       +0.5218       +0.5218       
306           306           -0.075        -0.0137       -0.0887       -0.0887       
307           307           +0.0109       -0.0018       +0.0091       +0.0091       
308           308           +0.0455       -0.0363       +0.0092       +0.0092       
309           309           -0.1781       -0.0201       -0.1982       -0.1982       
310           310           -0.5572       -0.0523       -0.6095       -0.6095       
311           311           +0.7646       -0.0341       +0.7305       +0.7305       
312           312           -0.0841       -0.0293       -0.1134       -0.1134       
313           313           +0.0681       -0.0279       +0.0402       +0.0402       
314           314           +0.5173       -0.0294       +0.4879       +0.4879       
315           315           +0.3123       -0.0161       +0.2962       +0.2962       
316           316           +0.857        -0.0318       +0.8252       +0.8252       
317           317           +0.1396       -0.0159       +0.1237       +0.1237       
318           318           +0.0606       -0.0111       +0.0495       +0.0495       
319           319           +0.1309       -0.0067       +0.1242       +0.1242       
320           320           -0.0385       -0.0131       -0.0516       -0.0516       
321           321           +1.7166       -0.148        +1.5686       +1.5686       
322           322           +0.7262       -0.0766       +0.6496       +0.6496       
323           323           +0.5417       -0.039        +0.5027       +0.5027       
324           324           +0.286        -0.0292       +0.2568       +0.2568       
325           325           -0.4838       -0.0527       -0.5365       -0.5365       
326           326           +0.2854       -0.0267       +0.2587       +0.2587       
327           327           +0.4281       -0.0335       +0.3946       +0.3946       
328           328           +0.3492       -0.0178       +0.3314       +0.3314       
329           329           -0.6489       -0.0487       -0.6976       -0.6976       
330           330           +0.4945       -0.0304       +0.4641       +0.4641       
331           331           +0.3895       -0.0217       +0.3678       +0.3678       
332           332           +0.9064       -0.0432       +0.8632       +0.8632       
333           333           -0.0506       -0.0457       -0.0963       -0.0963       
334           334           +1.0291       -0.0723       +0.9568       +0.9568       
335           335           +0.4913       -0.0341       +0.4572       +0.4572       
336           336           +0.6641       -0.0265       +0.6376       +0.6376       
337           337           +0.3687       -0.0436       +0.3251       +0.3251       
338           338           +0.2105       -0.0393       +0.1712       +0.1712       
339           339           -0.0636       -0.0306       -0.0942       -0.0942       
