Frame         Time          Elec          VdW           Nonbond       Total         
0             0             +0            +0            +0            +0            
1             1             +0            +0            +0            +0            
2             2             +0            +0            +0            +0            
3             3             +0            +0            +0            +0            
4             4             +0            +0            +0            +0            
5             5             +0            +0            +0            +0            
6             6             +0            +0            +0            +0            
7             7             +0            +0            +0            +0            
8             8             +0            +0            +0            +0            
9             9             +0.0141       -0            +0.0141       +0.0141       
10            10            +0            +0            +0            +0            
11            11            +0.0467       -0.0004       +0.0463       +0.0463       
12            12            -0.0514       -0.0026       -0.054        -0.054        
13            13            +0.0349       -0.0002       +0.0347       +0.0347       
14            14            -0.0147       -0.0001       -0.0148       -0.0148       
15            15            -0.0144       -0.001        -0.0154       -0.0154       
16            16            +2.3536       -0.1155       +2.2381       +2.2381       
17            17            -0.2283       -0.0013       -0.2296       -0.2296       
18            18            +4.8607       -0.2558       +4.6049       +4.6049       
19            19            +3.0692       -0.004        +3.0652       +3.0652       
20            20            +29.0209      -0.1533       +28.8676      +28.8676      
21            21            +3.0562       -0.0492       +3.007        +3.007        
22            22            +2.5647       -0.0077       +2.557        +2.557        
23            23            +5.5701       -0.0051       +5.565        +5.565        
24            24            +0            +0            +0            +0            
25            25            +0            +0            +0            +0            
26            26            +0            +0            +0            +0            
27            27            +0            +0            +0            +0            
28            28            +0            +0            +0            +0            
29            29            +0            +0            +0            +0            
30            30            +0            +0            +0            +0            
31            31            +0            +0            +0            +0            
32            32            +0            +0            +0            +0            
33            33            +0            +0            +0            +0            
34            34            +0            +0            +0            +0            
35            35            +0            +0            +0            +0            
36            36            +0            +0            +0            +0            
37            37            +0            +0            +0            +0            
38            38            +0            +0            +0            +0            
39            39            +0            +0            +0            +0            
40            40            +0            +0            +0            +0            
41            41            +0            +0            +0            +0            
42            42            +0            +0            +0            +0            
43            43            +0            +0            +0            +0            
44            44            +0            +0            +0            +0            
45            45            +0            +0            +0            +0            
46            46            +0            +0            +0            +0            
47            47            +0            +0            +0            +0            
48            48            +0            +0            +0            +0            
49            49            +0            +0            +0            +0            
50            50            +0            +0            +0            +0            
51            51            +0            +0            +0            +0            
52            52            +0            +0            +0            +0            
53            53            +0            +0            +0            +0            
54            54            +0            +0            +0            +0            
55            55            +0            +0            +0            +0            
56            56            +0            +0            +0            +0            
57            57            +0            +0            +0            +0            
58            58            +0            +0            +0            +0            
59            59            +0            +0            +0            +0            
60            60            +0            +0            +0            +0            
61            61            +0            +0            +0            +0            
62            62            +0.0002       -0            +0.0002       +0.0002       
63            63            +0            +0            +0            +0            
64            64            +0            +0            +0            +0            
65            65            +0            +0            +0            +0            
66            66            +0            +0            +0            +0            
67            67            +0            +0            +0            +0            
68            68            +0            +0            +0            +0            
69            69            +0.0094       -0            +0.0094       +0.0094       
70            70            +0            +0            +0            +0            
71            71            +0            +0            +0            +0            
72            72            +0.0084       -0            +0.0084       +0.0084       
73            73            +0            +0            +0            +0            
74            74            +0            +0            +0            +0            
75            75            +0            +0            +0            +0            
76            76            +0.0025       -0            +0.0025       +0.0025       
77            77            +0            +0            +0            +0            
78            78            +0            +0            +0            +0            
79            79            +0.0151       -0            +0.0151       +0.0151       
80            80            +0            +0            +0            +0            
81            81            +0            +0            +0            +0            
82            82            +0            +0            +0            +0            
83            83            +0            +0            +0            +0            
84            84            -0.0104       -0            -0.0104       -0.0104       
85            85            +0            +0            +0            +0            
86            86            +0            +0            +0            +0            
87            87            +0            +0            +0            +0            
88            88            +0            +0            +0            +0            
89            89            +0            +0            +0            +0            
90            90            +0            +0            +0            +0            
91            91            +0            +0            +0            +0            
92            92            +0            +0            +0            +0            
93            93            -0.0194       -0.0001       -0.0195       -0.0195       
94            94            +0.0627       -0.0001       +0.0626       +0.0626       
95            95            +0            +0            +0            +0            
96            96            +0            +0            +0            +0            
97            97            -0.1503       -0.0003       -0.1506       -0.1506       
98            98            +0            +0            +0            +0            
99            99            +0.0063       -0            +0.0063       +0.0063       
100           100           +0            +0            +0            +0            
101           101           +0.0535       -0            +0.0535       +0.0535       
102           102           -0.0514       -0.0001       -0.0515       -0.0515       
103           103           -0.0871       -0.0001       -0.0872       -0.0872       
104           104           -0.0775       -0.0008       -0.0783       -0.0783       
105           105           -0.0709       -0.0001       -0.071        -0.071        
106           106           +0            +0            +0            +0            
107           107           +0            +0            +0            +0            
108           108           +0            +0            +0            +0            
109           109           +0            +0            +0            +0            
110           110           +0            +0            +0            +0            
111           111           +0            +0            +0            +0            
112           112           -0.0745       -0.0002       -0.0747       -0.0747       
113           113           -0.0235       -0            -0.0235       -0.0235       
114           114           -0.0095       -0            -0.0095       -0.0095       
115           115           +0.0534       -0.0004       +0.053        +0.053        
116           116           +0.0788       -0.0035       +0.0753       +0.0753       
117           117           -0.0477       -0.0001       -0.0478       -0.0478       
118           118           +0.0667       -0.0006       +0.0661       +0.0661       
119           119           -0.0112       -0.0001       -0.0113       -0.0113       
120           120           -0.0428       -0.0002       -0.043        -0.043        
121           121           +0            +0            +0            +0            
122           122           -0.0118       -0            -0.0118       -0.0118       
123           123           +0            +0            +0            +0            
124           124           +0.0002       -0            +0.0002       +0.0002       
125           125           -0.0181       -0            -0.0181       -0.0181       
126           126           +0.0384       -0.0006       +0.0378       +0.0378       
127           127           -0.0583       -0.0007       -0.059        -0.059        
128           128           +0            +0            +0            +0            
129           129           +0            +0            +0            +0            
130           130           +0            +0            +0            +0            
131           131           -0.0035       -0            -0.0035       -0.0035       
132           132           -0.0375       -0.0005       -0.038        -0.038        
133           133           +0            +0            +0            +0            
134           134           +0            +0            +0            +0            
135           135           -0.014        -0.0003       -0.0143       -0.0143       
136           136           +0.1765       -0.0064       +0.1701       +0.1701       
137           137           -0.099        -0            -0.099        -0.099        
138           138           +0            +0            +0            +0            
139           139           +0            +0            +0            +0            
140           140           -0.066        -0.0014       -0.0674       -0.0674       
141           141           +0            +0            +0            +0            
142           142           +0.043        -0.0007       +0.0423       +0.0423       
143           143           -0.0081       -0            -0.0081       -0.0081       
144           144           +0.0017       -0            +0.0017       +0.0017       
145           145           -0.0097       -0            -0.0097       -0.0097       
146           146           +0            +0            +0            +0            
147           147           +0            +0            +0            +0            
148           148           +0            +0            +0            +0            
149           149           +0            +0            +0            +0            
150           150           +0            +0            +0            +0            
151           151           +0.0104       -0.0002       +0.0102       +0.0102       
152           152           +0.0008       -0            +0.0008       +0.0008       
153           153           -0.0226       -0.0002       -0.0228       -0.0228       
154           154           +0            +0            +0            +0            
155           155           +0.011        -0            +0.011        +0.011        
156           156           +0.0048       -0            +0.0048       +0.0048       
157           157           +0            +0            +0            +0            
158           158           +0            +0            +0            +0            
159           159           +0.0011       -0            +0.0011       +0.0011       
160           160           +0            +0            +0            +0            
161           161           +0.0387       -0            +0.0387       +0.0387       
162           162           +0            +0            +0            +0            
163           163           +0            +0            +0            +0            
164           164           +0            +0            +0            +0            
165           165           +0            +0            +0            +0            
166           166           +0.0023       -0            +0.0023       +0.0023       
167           167           +0            +0            +0            +0            
168           168           +0            +0            +0            +0            
169           169           +0.0035       -0            +0.0035       +0.0035       
170           170           +0.0011       -0.0008       +0.0003       +0.0003       
171           171           +0            +0            +0            +0            
172           172           +0.0158       -0            +0.0158       +0.0158       
173           173           +0.0006       -0            +0.0006       +0.0006       
174           174           +0.0002       -0            +0.0002       +0.0002       
175           175           +0            +0            +0            +0            
176           176           +0            +0            +0            +0            
177           177           -0.0304       -0.0001       -0.0305       -0.0305       
178           178           +0.002        -0            +0.002        +0.002        
179           179           +0            +0            +0            +0            
180           180           +0            +0            +0            +0            
181           181           +0.0301       -0            +0.0301       +0.0301       
182           182           +0.0418       -0.0004       +0.0414       +0.0414       
183           183           +0            +0            +0            +0            
184           184           +0            +0            +0            +0            
185           185           +0.5622       -0.0046       +0.5576       +0.5576       
186           186           +0            +0            +0            +0            
187           187           +0            +0            +0            +0            
188           188           +0            +0            +0            +0            
189           189           +0            +0            +0            +0            
190           190           +0            +0            +0            +0            
191           191           +0            +0            +0            +0            
192           192           +0            +0            +0            +0            
193           193           +0            +0            +0            +0            
194           194           +0            +0            +0            +0            
195           195           +0            +0            +0            +0            
196           196           +0            +0            +0            +0            
197           197           +0            +0            +0            +0            
198           198           +0            +0            +0            +0            
199           199           +0            +0            +0            +0            
200           200           +0            +0            +0            +0            
201           201           +0            +0            +0            +0            
202           202           +0            +0            +0            +0            
203           203           +0            +0            +0            +0            
204           204           +0            +0            +0            +0            
205           205           +0            +0            +0            +0            
206           206           +0            +0            +0            +0            
207           207           +0            +0            +0            +0            
208           208           +0            +0            +0            +0            
209           209           +0            +0            +0            +0            
210           210           +0            +0            +0            +0            
211           211           +0            +0            +0            +0            
212           212           +0            +0            +0            +0            
213           213           +0            +0            +0            +0            
214           214           +0            +0            +0            +0            
215           215           +0            +0            +0            +0            
216           216           +0            +0            +0            +0            
217           217           +0            +0            +0            +0            
218           218           +0            +0            +0            +0            
219           219           -0.4438       -0.0003       -0.4441       -0.4441       
220           220           -0.119        -0            -0.119        -0.119        
221           221           +0            +0            +0            +0            
222           222           +0            +0            +0            +0            
223           223           +0            +0            +0            +0            
224           224           +0            +0            +0            +0            
225           225           +0            +0            +0            +0            
226           226           +0            +0            +0            +0            
227           227           +0.0166       -0            +0.0166       +0.0166       
228           228           +0            +0            +0            +0            
229           229           +0            +0            +0            +0            
230           230           +0            +0            +0            +0            
231           231           +0            +0            +0            +0            
232           232           +0            +0            +0            +0            
233           233           +0            +0            +0            +0            
234           234           +0            +0            +0            +0            
235           235           +0            +0            +0            +0            
236           236           +0            +0            +0            +0            
237           237           +0            +0            +0            +0            
238           238           +0            +0            +0            +0            
239           239           +0            +0            +0            +0            
240           240           +0            +0            +0            +0            
241           241           +0            +0            +0            +0            
242           242           +0            +0            +0            +0            
243           243           +0            +0            +0            +0            
244           244           +0            +0            +0            +0            
245           245           +0            +0            +0            +0            
246           246           +0            +0            +0            +0            
247           247           +0            +0            +0            +0            
248           248           +0            +0            +0            +0            
249           249           +0            +0            +0            +0            
250           250           +0            +0            +0            +0            
251           251           +0            +0            +0            +0            
252           252           +0            +0            +0            +0            
253           253           +0            +0            +0            +0            
254           254           +0            +0            +0            +0            
255           255           +0            +0            +0            +0            
256           256           +0            +0            +0            +0            
257           257           +0            +0            +0            +0            
258           258           +0            +0            +0            +0            
259           259           +0            +0            +0            +0            
260           260           -0.061        -0.0002       -0.0612       -0.0612       
261           261           +0            +0            +0            +0            
262           262           +0            +0            +0            +0            
263           263           +0            +0            +0            +0            
264           264           +0            +0            +0            +0            
265           265           +0            +0            +0            +0            
266           266           +0            +0            +0            +0            
267           267           +0            +0            +0            +0            
268           268           +0            +0            +0            +0            
269           269           +0.1234       -0.0037       +0.1197       +0.1197       
270           270           -0.0508       -0            -0.0508       -0.0508       
271           271           +0            +0            +0            +0            
272           272           +0            +0            +0            +0            
273           273           +0            +0            +0            +0            
274           274           +0            +0            +0            +0            
275           275           +0            +0            +0            +0            
276           276           +0            +0            +0            +0            
277           277           -0.0678       -0.0001       -0.0679       -0.0679       
278           278           -0.1209       -0.0001       -0.121        -0.121        
279           279           -0.392        -0.0073       -0.3993       -0.3993       
280           280           -0.0779       -0.0023       -0.0802       -0.0802       
281           281           +0.0002       -0            +0.0002       +0.0002       
282           282           +0.0458       -0.0029       +0.0429       +0.0429       
283           283           -0.7864       -0.0074       -0.7938       -0.7938       
284           284           +0.0071       -0            +0.0071       +0.0071       
285           285           -2.7383       -0.072        -2.8103       -2.8103       
286           286           -2.8377       -0.0898       -2.9275       -2.9275       
287           287           -2.0984       -0.0922       -2.1906       -2.1906       
288           288           -14.415       -0.7079       -15.1229      -15.1229      
289           289           -0.0803       -0.0174       -0.0977       -0.0977       
290           290           -0.0542       -0.0003       -0.0545       -0.0545       
291           291           +0            +0            +0            +0            
292           292           +0            +0            +0            +0            
293           293           -25.5067      -3.0225       -28.5292      -28.5292      
294           294           -38.5715      -0.8758       -39.4473      -39.4473      
295           295           -29.2678      -1.8106       -31.0784      -31.0784      
296           296           -34.3874      -0.7471       -35.1345      -35.1345      
297           297           -31.674       -1.968        -33.642       -33.642       
298           298           -15.4827      -2.088        -17.5707      -17.5707      
299           299           -38.5972      +1.7102       -36.887       -36.887       
300           300           -29.8382      -1.3163       -31.1545      -31.1545      
301           301           +7.4568       -3.8876       +3.5692       +3.5692       
302           302           +1.491        -0.8748       +0.6162       +0.6162       
303           303           -2.5168       -1.4562       -3.973        -3.973        
304           304           +4.0557       -1.2645       +2.7912       +2.7912       
305           305           -6.9627       -2.3824       -9.3451       -9.3451       
306           306           -19.8967      -2.5758       -22.4725      -22.4725      
307           307           -13.2136      -3.0072       -16.2208      -16.2208      
308           308           -15.3776      -2.3678       -17.7454      -17.7454      
309           309           -13.2784      -3.0943       -16.3727      -16.3727      
310           310           -6.1028       -3.1231       -9.2259       -9.2259       
311           311           -17.0671      -3.6777       -20.7448      -20.7448      
312           312           -13.2711      -2.5211       -15.7922      -15.7922      
313           313           -14.1323      -3.4792       -17.6115      -17.6115      
314           314           -17.5428      -2.5351       -20.0779      -20.0779      
315           315           -15.0335      -0.697        -15.7305      -15.7305      
316           316           -62.435       +3.7668       -58.6682      -58.6682      
317           317           -58.0325      -3.2048       -61.2373      -61.2373      
318           318           -70.6812      +5.3052       -65.376       -65.376       
319           319           -4.8477       -0.1756       -5.0233       -5.0233       
320           320           -1.4006       -0.9515       -2.3521       -2.3521       
321           321           -3.4707       -1.1673       -4.638        -4.638        
322           322           -13.1436      -1.288        -14.4316      -14.4316      
323           323           -40.4         -2.2949       -42.6949      -42.6949      
324           324           -18.4742      -2.7893       -21.2635      -21.2635      
325           325           -27.553       -2.9747       -30.5277      -30.5277      
326           326           -22.7416      -3.3323       -26.0739      -26.0739      
327           327           -15.2602      -3.775        -19.0352      -19.0352      
328           328           -48.1709      -1.7794       -49.9503      -49.9503      
329           329           -22.2928      -3.486        -25.7788      -25.7788      
330           330           -23.1518      -3.2729       -26.4247      -26.4247      
331           331           -18.5772      -1.5747       -20.1519      -20.1519      
332           332           -20.4265      -3.1556       -23.5821      -23.5821      
333           333           -22.3069      -3.5766       -25.8835      -25.8835      
334           334           -41.1851      +0.0914       -41.0937      -41.0937      
335           335           -19.158       -2.8109       -21.9689      -21.9689      
336           336           -15.5224      -2.0166       -17.539       -17.539       
337           337           -10.8002      -3.2185       -14.0187      -14.0187      
338           338           -11.7499      -3.3901       -15.14        -15.14        
339           339           -17.1273      -3.999        -21.1263      -21.1263      
