Frame         Time          Elec          VdW           Nonbond       Total         
0             0             -0.0391       -0.0017       -0.0408       -0.0408       
1             1             +0.2077       -0.0253       +0.1824       +0.1824       
2             2             +0.4266       -0.7363       -0.3097       -0.3097       
3             3             -0.105        -0.0054       -0.1104       -0.1104       
4             4             +0.3779       -0.036        +0.3419       +0.3419       
5             5             +0.0999       -0.0032       +0.0967       +0.0967       
6             6             +0.0888       -0.008        +0.0808       +0.0808       
7             7             +0.0646       -0.0024       +0.0622       +0.0622       
8             8             +0.2242       -0.0794       +0.1448       +0.1448       
9             9             +0.0218       -0.3331       -0.3113       -0.3113       
10            10            +0.0578       -0.24         -0.1822       -0.1822       
11            11            +0.1236       -0.0467       +0.0769       +0.0769       
12            12            +0.1267       -0.1442       -0.0175       -0.0175       
13            13            -0.0562       -0.1396       -0.1958       -0.1958       
14            14            +0.1331       -0.0698       +0.0633       +0.0633       
15            15            +0.0298       -0.0052       +0.0246       +0.0246       
16            16            +0.065        -0.0075       +0.0575       +0.0575       
17            17            +0.1277       -0.0114       +0.1163       +0.1163       
18            18            +0.0302       -0.0041       +0.0261       +0.0261       
19            19            +0.0543       -0.0404       +0.0139       +0.0139       
20            20            +0.2409       -0.0273       +0.2136       +0.2136       
21            21            +0.0426       -0            +0.0426       +0.0426       
22            22            +0.0635       -0.0173       +0.0462       +0.0462       
23            23            +0.1985       -0.007        +0.1915       +0.1915       
24            24            +0.0518       -0.0031       +0.0487       +0.0487       
25            25            +0.0198       -0.0001       +0.0197       +0.0197       
26            26            +0.0802       -0.008        +0.0722       +0.0722       
27            27            +0.0978       -0.0051       +0.0927       +0.0927       
28            28            +0.018        -0.0006       +0.0174       +0.0174       
29            29            +0.0282       -0.0083       +0.0199       +0.0199       
30            30            -0.0018       -0.0003       -0.0021       -0.0021       
31            31            +0.0001       -0.0002       -0.0001       -0.0001       
32            32            +0.0165       -0.0007       +0.0158       +0.0158       
33            33            -0.0025       -0.0013       -0.0038       -0.0038       
34            34            +0.0938       -0.0092       +0.0846       +0.0846       
35            35            +0.1094       -0.013        +0.0964       +0.0964       
36            36            +0.0553       -0.0108       +0.0445       +0.0445       
37            37            +0.2272       -0.0114       +0.2158       +0.2158       
38            38            -0.0139       -0.0052       -0.0191       -0.0191       
39            39            -0.0069       -0.0041       -0.011        -0.011        
40            40            +0.0524       -0.0086       +0.0438       +0.0438       
41            41            -0.0304       -0.0012       -0.0316       -0.0316       
42            42            +0.0245       -0.0126       +0.0119       +0.0119       
43            43            +0.0197       -0.0136       +0.0061       +0.0061       
44            44            +0.2362       -0.028        +0.2082       +0.2082       
45            45            +0.0157       -0.0063       +0.0094       +0.0094       
46            46            +0.1609       -0.0378       +0.1231       +0.1231       
47            47            +0.1611       -0.0094       +0.1517       +0.1517       
48            48            +0.1229       -0.0286       +0.0943       +0.0943       
49            49            +0.1311       -0.0568       +0.0743       +0.0743       
50            50            +0.1546       -0.0214       +0.1332       +0.1332       
51            51            +0.1658       -0.033        +0.1328       +0.1328       
52            52            +0.273        -0.0356       +0.2374       +0.2374       
53            53            +0.3166       -0.0478       +0.2688       +0.2688       
54            54            +0.3661       -0.0257       +0.3404       +0.3404       
55            55            +0.2955       -0.0223       +0.2732       +0.2732       
56            56            +0.0731       -0.0098       +0.0633       +0.0633       
57            57            +0.2084       -0.0235       +0.1849       +0.1849       
58            58            +0.3658       -0.0404       +0.3254       +0.3254       
59            59            +0.0703       -0.0088       +0.0615       +0.0615       
60            60            +0.3443       -0.0345       +0.3098       +0.3098       
61            61            +0.266        -0.0309       +0.2351       +0.2351       
62            62            +0.1952       -0.0216       +0.1736       +0.1736       
63            63            +0.4406       -0.0337       +0.4069       +0.4069       
64            64            +0.3243       -0.0248       +0.2995       +0.2995       
65            65            +0.0905       -0.0161       +0.0744       +0.0744       
66            66            +0.0548       -0.0101       +0.0447       +0.0447       
67            67            +0.0032       -0            +0.0032       +0.0032       
68            68            -0.0159       -0.0003       -0.0162       -0.0162       
69            69            +0            -0            +0            +0            
70            70            +0            +0            +0            +0            
71            71            +0            +0            +0            +0            
72            72            +0            +0            +0            +0            
73            73            -0.0104       -0            -0.0104       -0.0104       
74            74            +0            +0            +0            +0            
75            75            -0.0284       -0.0013       -0.0297       -0.0297       
76            76            -0.003        -0            -0.003        -0.003        
77            77            -0.0244       -0.0003       -0.0247       -0.0247       
78            78            -0.0539       -0.0014       -0.0553       -0.0553       
79            79            +0            +0            +0            +0            
80            80            -0.0209       -0.0001       -0.021        -0.021        
81            81            -0.0034       -0            -0.0034       -0.0034       
82            82            +0.0443       -0.02         +0.0243       +0.0243       
83            83            +0            +0            +0            +0            
84            84            +0            +0            +0            +0            
85            85            -0.0092       -0.0017       -0.0109       -0.0109       
86            86            -0.0204       -0.0014       -0.0218       -0.0218       
87            87            -0.0004       -0.0023       -0.0027       -0.0027       
88            88            -0.0132       -0.0011       -0.0143       -0.0143       
89            89            -0.035        -0.0006       -0.0356       -0.0356       
90            90            +0.0711       -0.0127       +0.0584       +0.0584       
91            91            -0.058        -0.006        -0.064        -0.064        
92            92            -0.0528       -0.0024       -0.0552       -0.0552       
93            93            +0.0714       -0.02         +0.0514       +0.0514       
94            94            -0.0144       -0.0057       -0.0201       -0.0201       
95            95            +0.1275       -0.0199       +0.1076       +0.1076       
96            96            +0.0061       -0.0065       -0.0004       -0.0004       
97            97            +0.0966       -0.021        +0.0756       +0.0756       
98            98            -0.2091       -0.0784       -0.2875       -0.2875       
99            99            +0.1126       -0.0252       +0.0874       +0.0874       
100           100           -0.0205       -0.005        -0.0255       -0.0255       
101           101           -0.0018       -0.0067       -0.0085       -0.0085       
102           102           +0.0986       -0.0185       +0.0801       +0.0801       
103           103           -0.0452       -0.0042       -0.0494       -0.0494       
104           104           +0.0989       -0.0297       +0.0692       +0.0692       
105           105           +0.0163       -0.0108       +0.0055       +0.0055       
106           106           +0.0707       -0.0209       +0.0498       +0.0498       
107           107           -0.0386       -0.0021       -0.0407       -0.0407       
108           108           +0.0765       -0.0193       +0.0572       +0.0572       
109           109           +0.0891       -0.014        +0.0751       +0.0751       
110           110           +0.111        -0.0126       +0.0984       +0.0984       
111           111           -0.0096       -0.0019       -0.0115       -0.0115       
112           112           -0.0562       -0.0015       -0.0577       -0.0577       
113           113           -0.0585       -0.0982       -0.1567       -0.1567       
114           114           -0.0389       -0.1182       -0.1571       -0.1571       
115           115           -0.302        -0.0531       -0.3551       -0.3551       
116           116           -0.0212       -0.0749       -0.0961       -0.0961       
117           117           -0.0813       -0.0416       -0.1229       -0.1229       
118           118           -0.0957       -0.0846       -0.1803       -0.1803       
119           119           +0.0264       -0.0245       +0.0019       +0.0019       
120           120           -0.0345       -0.0011       -0.0356       -0.0356       
121           121           -0.0186       -0.001        -0.0196       -0.0196       
122           122           +0.0845       -0.0208       +0.0637       +0.0637       
123           123           -0.1015       -0.0627       -0.1642       -0.1642       
124           124           +0.1151       -0.0182       +0.0969       +0.0969       
125           125           +0.0149       -0.0159       -0.001        -0.001        
126           126           +0.0655       -0.0144       +0.0511       +0.0511       
127           127           +0.066        -0.013        +0.053        +0.053        
128           128           +0.0602       -0.0275       +0.0327       +0.0327       
129           129           +0.1274       -0.0334       +0.094        +0.094        
130           130           +0.1005       -0.052        +0.0485       +0.0485       
131           131           -0.0428       -0.1621       -0.2049       -0.2049       
132           132           -0.0927       -0.1488       -0.2415       -0.2415       
133           133           -0.1933       -0.0793       -0.2726       -0.2726       
134           134           -0.2693       -0.0539       -0.3232       -0.3232       
135           135           -0.4091       -0.139        -0.5481       -0.5481       
136           136           -0.325        -0.0341       -0.3591       -0.3591       
137           137           -0.5152       -0.0402       -0.5554       -0.5554       
138           138           -0.4769       -0.1334       -0.6103       -0.6103       
139           139           -0.4622       -0.1432       -0.6054       -0.6054       
140           140           +0.0435       -0.0299       +0.0136       +0.0136       
141           141           +0.1899       -0.035        +0.1549       +0.1549       
142           142           +0.1415       -0.0294       +0.1121       +0.1121       
143           143           +0.0249       -0.0067       +0.0182       +0.0182       
144           144           -0.4184       -0.1796       -0.598        -0.598        
145           145           +0.0037       -0.0447       -0.041        -0.041        
146           146           -0.0011       -0.065        -0.0661       -0.0661       
147           147           -0.1538       -0.0738       -0.2276       -0.2276       
148           148           -0.0753       -0.0312       -0.1065       -0.1065       
149           149           -0.2465       -0.0259       -0.2724       -0.2724       
150           150           -0.0796       -0.0083       -0.0879       -0.0879       
151           151           +0.0229       -0.0012       +0.0217       +0.0217       
152           152           -0.0308       -0.0064       -0.0372       -0.0372       
153           153           -0.0444       -0.0239       -0.0683       -0.0683       
154           154           -0.0684       -0.0836       -0.152        -0.152        
155           155           +0.0231       -0.0422       -0.0191       -0.0191       
156           156           -0.0533       -0.1019       -0.1552       -0.1552       
157           157           +0.0168       -0.0058       +0.011        +0.011        
158           158           -0.0425       -0.0005       -0.043        -0.043        
159           159           +0.0404       -0.0308       +0.0096       +0.0096       
160           160           +0.0695       -0.0217       +0.0478       +0.0478       
161           161           +0.0928       -0.0413       +0.0515       +0.0515       
162           162           +0.0936       -0.0173       +0.0763       +0.0763       
163           163           +0.0374       -0.0205       +0.0169       +0.0169       
164           164           -0.1786       -0.1163       -0.2949       -0.2949       
165           165           +0.1076       -0.0498       +0.0578       +0.0578       
166           166           +0.2025       -0.0513       +0.1512       +0.1512       
167           167           +0.1464       -0.1513       -0.0049       -0.0049       
168           168           -0.2161       -0.0815       -0.2976       -0.2976       
169           169           -0.1465       -0.0428       -0.1893       -0.1893       
170           170           -0.1504       -0.0367       -0.1871       -0.1871       
171           171           -0.0921       -0.0639       -0.156        -0.156        
172           172           -0.4983       -0.0838       -0.5821       -0.5821       
173           173           -0.3129       -0.0388       -0.3517       -0.3517       
174           174           +0.0436       -0.1065       -0.0629       -0.0629       
175           175           -0.8652       -0.4984       -1.3636       -1.3636       
176           176           -0.7024       -0.3087       -1.0111       -1.0111       
177           177           -0.1029       -0.0582       -0.1611       -0.1611       
178           178           -0.2626       -0.2417       -0.5043       -0.5043       
179           179           -0.2966       -0.0899       -0.3865       -0.3865       
180           180           -0.2442       -0.1436       -0.3878       -0.3878       
181           181           -0.1714       -0.0545       -0.2259       -0.2259       
182           182           +0.1032       -1.0903       -0.9871       -0.9871       
183           183           +0.0058       -0.0065       -0.0007       -0.0007       
184           184           +0.0698       -0.0107       +0.0591       +0.0591       
185           185           -0.0246       -0.0065       -0.0311       -0.0311       
186           186           +0.088        -0.0487       +0.0393       +0.0393       
187           187           -0.0676       -0.0011       -0.0687       -0.0687       
188           188           -0.036        -0.0035       -0.0395       -0.0395       
189           189           +0.2638       -0.0127       +0.2511       +0.2511       
190           190           +0.2755       -0.0131       +0.2624       +0.2624       
191           191           +0.0418       -0.0139       +0.0279       +0.0279       
192           192           +0.0769       -0.0068       +0.0701       +0.0701       
193           193           +0.0698       -0.0062       +0.0636       +0.0636       
194           194           -0.055        -0.0015       -0.0565       -0.0565       
195           195           -0.0485       -0.0028       -0.0513       -0.0513       
196           196           +0.1815       -0.0208       +0.1607       +0.1607       
197           197           +0.0766       -0.0102       +0.0664       +0.0664       
198           198           +0.0647       -0.0077       +0.057        +0.057        
199           199           +0.1219       -0.0151       +0.1068       +0.1068       
200           200           -0.0195       -0.0082       -0.0277       -0.0277       
201           201           +0.0933       -0.0211       +0.0722       +0.0722       
202           202           +0.1458       -0.0253       +0.1205       +0.1205       
203           203           +0.0539       -0.2978       -0.2439       -0.2439       
204           204           +0.0406       -0.0944       -0.0538       -0.0538       
205           205           -0.2137       -0.08         -0.2937       -0.2937       
206           206           +0.0054       -0.0651       -0.0597       -0.0597       
207           207           -0.1009       -0.1818       -0.2827       -0.2827       
208           208           +0.0097       -0.1485       -0.1388       -0.1388       
209           209           +0.07         -0.1401       -0.0701       -0.0701       
210           210           +0.1628       -0.7682       -0.6054       -0.6054       
211           211           +0.0182       -0.5273       -0.5091       -0.5091       
212           212           -0.1377       -0.2372       -0.3749       -0.3749       
213           213           -0.0522       -0.0563       -0.1085       -0.1085       
214           214           -0.064        -0.0053       -0.0693       -0.0693       
215           215           +0.0345       -0.0165       +0.018        +0.018        
216           216           -0.0477       -0.0029       -0.0506       -0.0506       
217           217           -0.0756       -0.0017       -0.0773       -0.0773       
218           218           -0.0447       -0.0007       -0.0454       -0.0454       
219           219           -0.0716       -0.0032       -0.0748       -0.0748       
220           220           -0.0028       -0.0025       -0.0053       -0.0053       
221           221           +0.0184       -0.0069       +0.0115       +0.0115       
222           222           +0.019        -0.0058       +0.0132       +0.0132       
223           223           +0.1225       -0.0229       +0.0996       +0.0996       
224           224           -0.2572       -0.0532       -0.3104       -0.3104       
225           225           +0.0272       -0.0143       +0.0129       +0.0129       
226           226           -0.1981       -0.0438       -0.2419       -0.2419       
227           227           -0.0115       -0.0609       -0.0724       -0.0724       
228           228           -0.1031       -0.0484       -0.1515       -0.1515       
229           229           -0.1348       -0.0363       -0.1711       -0.1711       
230           230           -0.0234       -0.0068       -0.0302       -0.0302       
231           231           -0.0956       -0.0705       -0.1661       -0.1661       
232           232           -0.2796       -0.0462       -0.3258       -0.3258       
233           233           -0.0386       -0.0442       -0.0828       -0.0828       
234           234           +0.1345       -0.0237       +0.1108       +0.1108       
235           235           -0.0602       -0.0375       -0.0977       -0.0977       
236           236           -0.2685       -0.0871       -0.3556       -0.3556       
237           237           -0.188        -0.1042       -0.2922       -0.2922       
238           238           -0.2064       -0.1352       -0.3416       -0.3416       
239           239           -0.0172       -0.0064       -0.0236       -0.0236       
240           240           +0.0644       -0.009        +0.0554       +0.0554       
241           241           +0.0578       -0.0382       +0.0196       +0.0196       
242           242           -0.0272       -0.1108       -0.138        -0.138        
243           243           +0.1034       -0.0389       +0.0645       +0.0645       
244           244           +0.0586       -0.0136       +0.045        +0.045        
245           245           +0.1049       -0.0185       +0.0864       +0.0864       
246           246           -0.171        -0.0926       -0.2636       -0.2636       
247           247           -0.2089       -0.0709       -0.2798       -0.2798       
248           248           -0.1015       -0.0612       -0.1627       -0.1627       
249           249           -0.1308       -0.1224       -0.2532       -0.2532       
250           250           -0.1519       -0.0701       -0.222        -0.222        
251           251           -0.237        -0.7888       -1.0258       -1.0258       
252           252           +0.0113       -1.5629       -1.5516       -1.5516       
253           253           +0.4809       -1.5812       -1.1003       -1.1003       
254           254           +0.8078       -2.0626       -1.2548       -1.2548       
255           255           -0.2542       -1.312        -1.5662       -1.5662       
256           256           -0.0026       -1.0009       -1.0035       -1.0035       
257           257           +0.1277       -0.0514       +0.0763       +0.0763       
258           258           -0.019        -1.3209       -1.3399       -1.3399       
259           259           -0.3353       -1.0316       -1.3669       -1.3669       
260           260           +0.2505       -1.3829       -1.1324       -1.1324       
261           261           -0.2928       -0.8763       -1.1691       -1.1691       
262           262           -1.4456       -1.9273       -3.3729       -3.3729       
263           263           +0.3119       -0.7365       -0.4246       -0.4246       
264           264           -1.0519       -1.4481       -2.5          -2.5          
265           265           +0.3506       -1.1797       -0.8291       -0.8291       
266           266           -1.3166       -1.7519       -3.0685       -3.0685       
267           267           -0.6067       -1.449        -2.0557       -2.0557       
268           268           +0.3784       -0.8315       -0.4531       -0.4531       
269           269           +0.0688       -0.0374       +0.0314       +0.0314       
270           270           +0.0459       -0.07         -0.0241       -0.0241       
271           271           -0.0956       -0.1044       -0.2          -0.2          
272           272           -0.0107       -0.0793       -0.09         -0.09         
273           273           +0.0375       -0.0894       -0.0519       -0.0519       
274           274           -0.0799       -0.0206       -0.1005       -0.1005       
275           275           +0.0388       -0.0145       +0.0243       +0.0243       
276           276           -0.0105       -0.0016       -0.0121       -0.0121       
277           277           +0.1905       -0.0637       +0.1268       +0.1268       
278           278           +0.0086       -0.4868       -0.4782       -0.4782       
279           279           -0.1312       -0.0962       -0.2274       -0.2274       
280           280           +0.1892       -0.0239       +0.1653       +0.1653       
281           281           +0.1889       -0.304        -0.1151       -0.1151       
282           282           +0.0271       -0.1825       -0.1554       -0.1554       
283           283           -0.0363       -0.1246       -0.1609       -0.1609       
284           284           +0.0713       -0.1028       -0.0315       -0.0315       
285           285           +0.2368       -0.0394       +0.1974       +0.1974       
286           286           -0.0595       -0.0404       -0.0999       -0.0999       
287           287           +0.1717       -0.0114       +0.1603       +0.1603       
288           288           +0.081        -0.0126       +0.0684       +0.0684       
289           289           +0.0209       -0.0149       +0.006        +0.006        
290           290           -0.1089       -0.0983       -0.2072       -0.2072       
291           291           -0.0718       -0.2246       -0.2964       -0.2964       
292           292           -0.103        -0.1259       -0.2289       -0.2289       
293           293           +0            +0            +0            +0            
294           294           +0            +0            +0            +0            
295           295           +0            +0            +0            +0            
296           296           +0            +0            +0            +0            
297           297           +0.0714       -0.0007       +0.0707       +0.0707       
298           298           -0.0429       -0.0039       -0.0468       -0.0468       
299           299           -0.0879       -0.0022       -0.0901       -0.0901       
300           300           -0.0081       -0.0001       -0.0082       -0.0082       
301           301           +0            +0            +0            +0            
302           302           +0            +0            +0            +0            
303           303           +0            +0            +0            +0            
304           304           +0            +0            +0            +0            
305           305           +0            +0            +0            +0            
306           306           +0            +0            +0            +0            
307           307           +0            +0            +0            +0            
308           308           +0            +0            +0            +0            
309           309           +0            +0            +0            +0            
310           310           +0            +0            +0            +0            
311           311           +0            +0            +0            +0            
312           312           +0            +0            +0            +0            
313           313           +0            +0            +0            +0            
314           314           +0            +0            +0            +0            
315           315           +0            +0            +0            +0            
316           316           +0            +0            +0            +0            
317           317           +0            +0            +0            +0            
318           318           +0            +0            +0            +0            
319           319           +0            +0            +0            +0            
320           320           +0            +0            +0            +0            
321           321           +0            +0            +0            +0            
322           322           +0            +0            +0            +0            
323           323           +0            +0            +0            +0            
324           324           +0            +0            +0            +0            
325           325           +0            +0            +0            +0            
326           326           +0            +0            +0            +0            
327           327           +0            +0            +0            +0            
328           328           +0            +0            +0            +0            
329           329           +0            +0            +0            +0            
330           330           +0            +0            +0            +0            
331           331           +0            +0            +0            +0            
332           332           +0            +0            +0            +0            
333           333           +0            +0            +0            +0            
334           334           +0            +0            +0            +0            
335           335           +0            +0            +0            +0            
336           336           +0            +0            +0            +0            
337           337           +0            +0            +0            +0            
338           338           +0            +0            +0            +0            
339           339           +0            +0            +0            +0            
