Frame         Time          Elec          VdW           Nonbond       Total         
0             0             +0.3823       -0.0195       +0.3628       +0.3628       
1             1             +0.7616       -0.0354       +0.7262       +0.7262       
2             2             -0.6489       -0.1329       -0.7818       -0.7818       
3             3             +0.0762       -0.5462       -0.47         -0.47         
4             4             -2.6701       -0.6971       -3.3672       -3.3672       
5             5             +0.6544       -0.1979       +0.4565       +0.4565       
6             6             -4.499        -0.5316       -5.0306       -5.0306       
7             7             -2.6009       -0.8184       -3.4193       -3.4193       
8             8             -2.4499       -1.0507       -3.5006       -3.5006       
9             9             -1.3815       -0.1588       -1.5403       -1.5403       
10            10            -2.1347       -0.1696       -2.3043       -2.3043       
11            11            -2.5646       -0.6841       -3.2487       -3.2487       
12            12            -2.1524       -0.2983       -2.4507       -2.4507       
13            13            -2.6854       -0.2252       -2.9106       -2.9106       
14            14            -0.5506       -0.2132       -0.7638       -0.7638       
15            15            -2.5861       -0.6862       -3.2723       -3.2723       
16            16            -5.0122       -0.7136       -5.7258       -5.7258       
17            17            +1.4993       -0.2854       +1.2139       +1.2139       
18            18            +2.5735       -0.4726       +2.1009       +2.1009       
19            19            -1.0037       -1.054        -2.0577       -2.0577       
20            20            -1.3977       -0.9513       -2.349        -2.349        
21            21            +0.5778       -0.9546       -0.3768       -0.3768       
22            22            -1.52         -0.296        -1.816        -1.816        
23            23            -2.7341       -1.5576       -4.2917       -4.2917       
24            24            -3.3914       -0.6933       -4.0847       -4.0847       
25            25            -2.235        -0.3791       -2.6141       -2.6141       
26            26            -1.1971       -0.0967       -1.2938       -1.2938       
27            27            -1.366        -0.0113       -1.3773       -1.3773       
28            28            -0.4294       -0.0107       -0.4401       -0.4401       
29            29            -0.2954       -0.0079       -0.3033       -0.3033       
30            30            -0.1294       -0.0019       -0.1313       -0.1313       
31            31            -0.2172       -0.0085       -0.2257       -0.2257       
32            32            -0.9616       -0.0127       -0.9743       -0.9743       
33            33            -1.7291       -0.0626       -1.7917       -1.7917       
34            34            -2.0548       -0.1815       -2.2363       -2.2363       
35            35            -0.837        -0.0673       -0.9043       -0.9043       
36            36            -0.8655       -0.3792       -1.2447       -1.2447       
37            37            -1.2039       -0.4795       -1.6834       -1.6834       
38            38            -1.806        -0.3613       -2.1673       -2.1673       
39            39            -1.7088       -0.0499       -1.7587       -1.7587       
40            40            -1.1165       -0.013        -1.1295       -1.1295       
41            41            -1.1942       -0.0965       -1.2907       -1.2907       
42            42            -2.0343       -0.0481       -2.0824       -2.0824       
43            43            -3.6522       -0.1445       -3.7967       -3.7967       
44            44            -2.166        -0.0699       -2.2359       -2.2359       
45            45            -0.1146       -0.0104       -0.125        -0.125        
46            46            -1.7725       -0.0477       -1.8202       -1.8202       
47            47            -1.3884       -0.0784       -1.4668       -1.4668       
48            48            -0.8118       -0.099        -0.9108       -0.9108       
49            49            -0.5357       -0.0808       -0.6165       -0.6165       
50            50            -1.0305       -0.293        -1.3235       -1.3235       
51            51            -1.3357       -0.0595       -1.3952       -1.3952       
52            52            -1.5454       -0.0887       -1.6341       -1.6341       
53            53            -0.9742       -0.0397       -1.0139       -1.0139       
54            54            -1.6313       -0.3569       -1.9882       -1.9882       
55            55            -1.2822       -0.0272       -1.3094       -1.3094       
56            56            -1.8464       -0.0639       -1.9103       -1.9103       
57            57            -1.2398       -0.0158       -1.2556       -1.2556       
58            58            -1.8747       -0.0301       -1.9048       -1.9048       
59            59            -1.2128       -0.0236       -1.2364       -1.2364       
60            60            -0.9152       -0.0102       -0.9254       -0.9254       
61            61            -1.8078       -0.0567       -1.8645       -1.8645       
62            62            -1.1354       -0.0223       -1.1577       -1.1577       
63            63            -0.6847       -0.0065       -0.6912       -0.6912       
64            64            -0.4809       -0.0252       -0.5061       -0.5061       
65            65            -2.0647       -0.222        -2.2867       -2.2867       
66            66            -1.7341       -0.0578       -1.7919       -1.7919       
67            67            -0.3176       -0.1817       -0.4993       -0.4993       
68            68            -0.7782       -0.0284       -0.8066       -0.8066       
69            69            -0.1458       -0.0004       -0.1462       -0.1462       
70            70            -0.3737       -0.006        -0.3797       -0.3797       
71            71            +0            +0            +0            +0            
72            72            +0            +0            +0            +0            
73            73            +0.0531       -0            +0.0531       +0.0531       
74            74            -0.0534       -0            -0.0534       -0.0534       
75            75            +0.0048       -0            +0.0048       +0.0048       
76            76            +0            +0            +0            +0            
77            77            +0.0836       -0.001        +0.0826       +0.0826       
78            78            -0.0742       -0            -0.0742       -0.0742       
79            79            -0.5938       -0.0028       -0.5966       -0.5966       
80            80            -0.237        -0.0015       -0.2385       -0.2385       
81            81            +0.0005       -0.0001       +0.0004       +0.0004       
82            82            -0.0544       -0.0004       -0.0548       -0.0548       
83            83            -0.4058       -0.0139       -0.4197       -0.4197       
84            84            +0.2173       -0.0046       +0.2127       +0.2127       
85            85            -0.3196       -0.0055       -0.3251       -0.3251       
86            86            -1.1828       -0.009        -1.1918       -1.1918       
87            87            -1.2863       -0.0136       -1.2999       -1.2999       
88            88            -0.9202       -0.0079       -0.9281       -0.9281       
89            89            -1.2729       -0.0142       -1.2871       -1.2871       
90            90            -0.1698       -0.0325       -0.2023       -0.2023       
91            91            -0.3046       -0.0129       -0.3175       -0.3175       
92            92            +0.2104       -0.0319       +0.1785       +0.1785       
93            93            -0.6091       -0.0081       -0.6172       -0.6172       
94            94            +0.0885       -0.0199       +0.0686       +0.0686       
95            95            +0.2681       -0.0586       +0.2095       +0.2095       
96            96            +0.1063       -0.0077       +0.0986       +0.0986       
97            97            -0.2172       -0.0016       -0.2188       -0.2188       
98            98            -0.3511       -0.0024       -0.3535       -0.3535       
99            99            +0.02         -0.0071       +0.0129       +0.0129       
100           100           -0.5572       -0.0059       -0.5631       -0.5631       
101           101           -0.7946       -0.0124       -0.807        -0.807        
102           102           -0.942        -0.0099       -0.9519       -0.9519       
103           103           -0.281        -0.01         -0.291        -0.291        
104           104           +0.0851       -0.0269       +0.0582       +0.0582       
105           105           -1.1196       -0.0232       -1.1428       -1.1428       
106           106           -0.1711       -0.0075       -0.1786       -0.1786       
107           107           +0.0793       -0.0162       +0.0631       +0.0631       
108           108           +0.3601       -0.0367       +0.3234       +0.3234       
109           109           +1.2171       -0.0372       +1.1799       +1.1799       
110           110           -0.6729       -0.0028       -0.6757       -0.6757       
111           111           -0.5982       -0.0023       -0.6005       -0.6005       
112           112           +0.1907       -0.0032       +0.1875       +0.1875       
113           113           -0.5618       -0.0225       -0.5843       -0.5843       
114           114           -0.0328       -0.0154       -0.0482       -0.0482       
115           115           +0.0429       -0.0173       +0.0256       +0.0256       
116           116           -1.0155       -0.0235       -1.039        -1.039        
117           117           -0.9575       -0.0104       -0.9679       -0.9679       
118           118           -0.4227       -0.0036       -0.4263       -0.4263       
119           119           -0.7673       -0.0087       -0.776        -0.776        
120           120           -0.8087       -0.007        -0.8157       -0.8157       
121           121           -0.3462       -0.0007       -0.3469       -0.3469       
122           122           -0.7318       -0.0053       -0.7371       -0.7371       
123           123           -0.8447       -0.0083       -0.853        -0.853        
124           124           -0.5116       -0.0042       -0.5158       -0.5158       
125           125           -0.6851       -0.0065       -0.6916       -0.6916       
126           126           -0.4193       -0.0035       -0.4228       -0.4228       
127           127           -0.8054       -0.0095       -0.8149       -0.8149       
128           128           -0.3615       -0.0069       -0.3684       -0.3684       
129           129           -0.7074       -0.0092       -0.7166       -0.7166       
130           130           -0.3986       -0.0173       -0.4159       -0.4159       
131           131           -1.2837       -0.0172       -1.3009       -1.3009       
132           132           -0.7354       -0.0159       -0.7513       -0.7513       
133           133           -0.3213       -0.0174       -0.3387       -0.3387       
134           134           -0.4789       -0.0094       -0.4883       -0.4883       
135           135           -0.6155       -0.016        -0.6315       -0.6315       
136           136           -0.6617       -0.0568       -0.7185       -0.7185       
137           137           -0.1208       -0.0298       -0.1506       -0.1506       
138           138           -0.3358       -0.0154       -0.3512       -0.3512       
139           139           +0.6097       -0.0199       +0.5898       +0.5898       
140           140           -0.3793       -0.0094       -0.3887       -0.3887       
141           141           -0.0212       -0.0135       -0.0347       -0.0347       
142           142           -0.2867       -0.0032       -0.2899       -0.2899       
143           143           -0.2407       -0.0222       -0.2629       -0.2629       
144           144           -1.002        -0.1203       -1.1223       -1.1223       
145           145           -1.0103       -0.2825       -1.2928       -1.2928       
146           146           -0.5565       -0.0105       -0.567        -0.567        
147           147           -0.3114       -0.0191       -0.3305       -0.3305       
148           148           +0.1693       -0.0134       +0.1559       +0.1559       
149           149           +0.0314       -0.0223       +0.0091       +0.0091       
150           150           -0.7847       -0.0314       -0.8161       -0.8161       
151           151           +0.0542       -0.0045       +0.0497       +0.0497       
152           152           -0.4309       -0.0218       -0.4527       -0.4527       
153           153           -0.347        -0.0088       -0.3558       -0.3558       
154           154           -1.0508       -0.0326       -1.0834       -1.0834       
155           155           -1.3401       -0.0513       -1.3914       -1.3914       
156           156           -0.3381       -0.055        -0.3931       -0.3931       
157           157           -0.1099       -0.0005       -0.1104       -0.1104       
158           158           -0.5451       -0.0051       -0.5502       -0.5502       
159           159           -1.0607       -0.0808       -1.1415       -1.1415       
160           160           -0.9857       -0.1004       -1.0861       -1.0861       
161           161           -0.6774       -0.1136       -0.791        -0.791        
162           162           +0.3535       -0.083        +0.2705       +0.2705       
163           163           -0.909        -0.1568       -1.0658       -1.0658       
164           164           -0.5172       -0.187        -0.7042       -0.7042       
165           165           -0.3645       -0.0653       -0.4298       -0.4298       
166           166           -1.0026       -0.0883       -1.0909       -1.0909       
167           167           -1.4462       -0.1623       -1.6085       -1.6085       
168           168           -1.185        -0.1832       -1.3682       -1.3682       
169           169           -0.4621       -0.2431       -0.7052       -0.7052       
170           170           -1.2107       -0.2925       -1.5032       -1.5032       
171           171           -0.4445       -0.2553       -0.6998       -0.6998       
172           172           -0.6959       -0.1775       -0.8734       -0.8734       
173           173           -1.526        -0.2482       -1.7742       -1.7742       
174           174           -0.5077       -0.2203       -0.728        -0.728        
175           175           -1.2324       -0.2096       -1.442        -1.442        
176           176           -0.0672       -0.1932       -0.2604       -0.2604       
177           177           -0.5494       -0.2172       -0.7666       -0.7666       
178           178           -0.9236       -0.1291       -1.0527       -1.0527       
179           179           -0.4642       -0.1285       -0.5927       -0.5927       
180           180           +0.1976       -0.1855       +0.0121       +0.0121       
181           181           +0.1355       -0.0632       +0.0723       +0.0723       
182           182           -0.5827       -0.3545       -0.9372       -0.9372       
183           183           +0.3451       -0.1689       +0.1762       +0.1762       
184           184           -0.3889       -0.2627       -0.6516       -0.6516       
185           185           -0.4773       -0.194        -0.6713       -0.6713       
186           186           +0.4106       -0.1077       +0.3029       +0.3029       
187           187           -0.8952       -0.1637       -1.0589       -1.0589       
188           188           -0.6853       -0.1875       -0.8728       -0.8728       
189           189           -0.3261       -0.0742       -0.4003       -0.4003       
190           190           -0.2129       -0.0791       -0.292        -0.292        
191           191           -0.326        -0.1945       -0.5205       -0.5205       
192           192           -0.9855       -0.1731       -1.1586       -1.1586       
193           193           -0.9222       -0.1667       -1.0889       -1.0889       
194           194           -0.5215       -0.1143       -0.6358       -0.6358       
195           195           -1.0716       -0.2152       -1.2868       -1.2868       
196           196           -0.021        -0.1616       -0.1826       -0.1826       
197           197           -0.9345       -0.2272       -1.1617       -1.1617       
198           198           +0.0373       -0.1455       -0.1082       -0.1082       
199           199           -0.3888       -0.1383       -0.5271       -0.5271       
200           200           -0.8947       -0.1131       -1.0078       -1.0078       
201           201           -0.6615       -0.1969       -0.8584       -0.8584       
202           202           -0.0423       -0.0677       -0.11         -0.11         
203           203           -0.1141       -0.1831       -0.2972       -0.2972       
204           204           -0.3318       -0.0989       -0.4307       -0.4307       
205           205           -0.411        -0.0833       -0.4943       -0.4943       
206           206           +0.6146       -0.1317       +0.4829       +0.4829       
207           207           -1.0583       -0.2608       -1.3191       -1.3191       
208           208           -0.1235       -0.1592       -0.2827       -0.2827       
209           209           +0.2938       -0.1724       +0.1214       +0.1214       
210           210           -0.2483       -0.2463       -0.4946       -0.4946       
211           211           +0.2955       -0.1699       +0.1256       +0.1256       
212           212           -0.1457       -0.1969       -0.3426       -0.3426       
213           213           -1.4495       -0.1449       -1.5944       -1.5944       
214           214           -0.4689       -0.1551       -0.624        -0.624        
215           215           +0.239        -0.0955       +0.1435       +0.1435       
216           216           -0.3625       -0.2074       -0.5699       -0.5699       
217           217           -0.7519       -0.1127       -0.8646       -0.8646       
218           218           -0.8266       -0.1103       -0.9369       -0.9369       
219           219           -1.182        -0.1399       -1.3219       -1.3219       
220           220           -0.3763       -0.1621       -0.5384       -0.5384       
221           221           -0.9894       -0.1086       -1.098        -1.098        
222           222           -1.2653       -0.155        -1.4203       -1.4203       
223           223           -0.2446       -0.1049       -0.3495       -0.3495       
224           224           -0.8307       -0.1446       -0.9753       -0.9753       
225           225           -0.6858       -0.0593       -0.7451       -0.7451       
226           226           -1.1734       -0.0593       -1.2327       -1.2327       
227           227           +0.0386       -0.1583       -0.1197       -0.1197       
228           228           -0.0802       -0.0924       -0.1726       -0.1726       
229           229           +0.1548       -0.1237       +0.0311       +0.0311       
230           230           -0.5857       -0.0559       -0.6416       -0.6416       
231           231           -0.2233       -0.1448       -0.3681       -0.3681       
232           232           +0.5139       -0.1178       +0.3961       +0.3961       
233           233           -0.5707       -0.2105       -0.7812       -0.7812       
234           234           -1.0576       -0.1106       -1.1682       -1.1682       
235           235           -0.4499       -0.1931       -0.643        -0.643        
236           236           -0.5479       -0.1726       -0.7205       -0.7205       
237           237           -0.2634       -0.1935       -0.4569       -0.4569       
238           238           -0.2007       -0.1545       -0.3552       -0.3552       
239           239           +0.1345       -0.1031       +0.0314       +0.0314       
240           240           -1.3458       -0.1689       -1.5147       -1.5147       
241           241           -1.7391       -0.1091       -1.8482       -1.8482       
242           242           +0.278        -0.1248       +0.1532       +0.1532       
243           243           +0.0895       -0.0975       -0.008        -0.008        
244           244           +0.5498       -0.1202       +0.4296       +0.4296       
245           245           +0.5784       -0.1357       +0.4427       +0.4427       
246           246           +0.5486       -0.0864       +0.4622       +0.4622       
247           247           +0.1815       -0.1469       +0.0346       +0.0346       
248           248           -0.3961       -0.1551       -0.5512       -0.5512       
249           249           +0.0909       -0.1166       -0.0257       -0.0257       
250           250           -0.0451       -0.0941       -0.1392       -0.1392       
251           251           -0.411        -0.1055       -0.5165       -0.5165       
252           252           +0.0598       -0.1206       -0.0608       -0.0608       
253           253           +0.4213       -0.1195       +0.3018       +0.3018       
254           254           +0.4439       -0.1185       +0.3254       +0.3254       
255           255           -2.3308       -0.1716       -2.5024       -2.5024       
256           256           -0.394        -0.124        -0.518        -0.518        
257           257           -0.1472       -0.1378       -0.285        -0.285        
258           258           -0.5425       -0.1564       -0.6989       -0.6989       
259           259           -1.0062       -0.1786       -1.1848       -1.1848       
260           260           +0.0193       -0.1163       -0.097        -0.097        
261           261           +0.3333       -0.1435       +0.1898       +0.1898       
262           262           +0.5331       -0.1615       +0.3716       +0.3716       
263           263           -0.6646       -0.1119       -0.7765       -0.7765       
264           264           -0.4848       -0.0961       -0.5809       -0.5809       
265           265           +0.1322       -0.1076       +0.0246       +0.0246       
266           266           -0.8702       -0.152        -1.0222       -1.0222       
267           267           -1.0709       -0.1027       -1.1736       -1.1736       
268           268           -0.2723       -0.1341       -0.4064       -0.4064       
269           269           -0.5266       -0.1071       -0.6337       -0.6337       
270           270           -0.3416       -0.1697       -0.5113       -0.5113       
271           271           -0.7386       -0.1109       -0.8495       -0.8495       
272           272           -0.837        -0.1795       -1.0165       -1.0165       
273           273           -1.0607       -0.1492       -1.2099       -1.2099       
274           274           -0.4608       -0.0279       -0.4887       -0.4887       
275           275           -0.0862       -0.0901       -0.1763       -0.1763       
276           276           -1.0067       -0.1232       -1.1299       -1.1299       
277           277           -1.2892       -0.1937       -1.4829       -1.4829       
278           278           -0.0432       -0.2826       -0.3258       -0.3258       
279           279           -0.7628       -0.0926       -0.8554       -0.8554       
280           280           -1.1025       -0.0911       -1.1936       -1.1936       
281           281           -0.9811       -0.0999       -1.081        -1.081        
282           282           -0.1365       -0.0847       -0.2212       -0.2212       
283           283           -1.0963       -0.1107       -1.207        -1.207        
284           284           -0.9909       -0.0678       -1.0587       -1.0587       
285           285           -1.3893       -0.1249       -1.5142       -1.5142       
286           286           -0.7465       -0.0977       -0.8442       -0.8442       
287           287           -0.838        -0.1502       -0.9882       -0.9882       
288           288           -0.7252       -0.1663       -0.8915       -0.8915       
289           289           -0.9809       -0.0916       -1.0725       -1.0725       
290           290           -0.3858       -0.1208       -0.5066       -0.5066       
291           291           -0.5123       -0.1183       -0.6306       -0.6306       
292           292           +0.7474       -0.1568       +0.5906       +0.5906       
293           293           +0.3625       -0.0465       +0.316        +0.316        
294           294           -0.3755       -0.0364       -0.4119       -0.4119       
295           295           -0.5652       -0.0494       -0.6146       -0.6146       
296           296           -0.7309       -0.04         -0.7709       -0.7709       
297           297           -0.3406       -0.0473       -0.3879       -0.3879       
298           298           -1.0046       -0.2352       -1.2398       -1.2398       
299           299           -1.3128       -0.1756       -1.4884       -1.4884       
300           300           -0.6159       -0.1565       -0.7724       -0.7724       
301           301           +0.2621       -0.1039       +0.1582       +0.1582       
302           302           -0.6615       -0.1747       -0.8362       -0.8362       
303           303           -0.7306       -0.1646       -0.8952       -0.8952       
304           304           -0.5927       -0.1621       -0.7548       -0.7548       
305           305           -0.4199       -0.0668       -0.4867       -0.4867       
306           306           -0.8464       -0.493        -1.3394       -1.3394       
307           307           -1.1797       -0.3127       -1.4924       -1.4924       
308           308           -0.2119       -0.1592       -0.3711       -0.3711       
309           309           -0.8326       -0.1596       -0.9922       -0.9922       
310           310           -0.8295       -0.1344       -0.9639       -0.9639       
311           311           -0.6909       -0.1823       -0.8732       -0.8732       
312           312           -0.2943       -0.0919       -0.3862       -0.3862       
313           313           -0.5631       -0.1585       -0.7216       -0.7216       
314           314           -0.0856       -0.2355       -0.3211       -0.3211       
315           315           -0.6571       -0.2372       -0.8943       -0.8943       
316           316           -0.2559       -0.4319       -0.6878       -0.6878       
317           317           -0.0074       -0.0395       -0.0469       -0.0469       
318           318           -1.2971       -1.3111       -2.6082       -2.6082       
319           319           -0.2151       -1.1753       -1.3904       -1.3904       
320           320           -0.5464       -0.8332       -1.3796       -1.3796       
321           321           -1.6786       -1.2267       -2.9053       -2.9053       
322           322           -1.2138       -0.8876       -2.1014       -2.1014       
323           323           -1.0312       -1.4176       -2.4488       -2.4488       
324           324           -0.0097       -0.9722       -0.9819       -0.9819       
325           325           -0.4115       -0.41         -0.8215       -0.8215       
326           326           -1.7315       -1.0613       -2.7928       -2.7928       
327           327           -0.4915       -0.5053       -0.9968       -0.9968       
328           328           -1.4881       -1.0798       -2.5679       -2.5679       
329           329           +0.116        -0.9683       -0.8523       -0.8523       
330           330           +0.0431       -0.5859       -0.5428       -0.5428       
331           331           -0.594        -0.8826       -1.4766       -1.4766       
332           332           -0.6823       -1.0948       -1.7771       -1.7771       
333           333           +0.7344       -0.5462       +0.1882       +0.1882       
334           334           +0.5869       -0.8342       -0.2473       -0.2473       
335           335           +0.398        -0.0841       +0.3139       +0.3139       
336           336           +0.3871       -0.2493       +0.1378       +0.1378       
337           337           -0.6264       -0.2619       -0.8883       -0.8883       
338           338           -0.3314       -0.8361       -1.1675       -1.1675       
339           339           +0.5558       -0.7327       -0.1769       -0.1769       
