Frame         Time          Elec          VdW           Nonbond       Total         
0             0             -0.958        -2.4825       -3.4405       -3.4405       
1             1             -5.1193       -3.0543       -8.1736       -8.1736       
2             2             -4.6034       -1.1044       -5.7078       -5.7078       
3             3             -3.9222       -1.0971       -5.0193       -5.0193       
4             4             -8.0526       -3.0306       -11.0832      -11.0832      
5             5             -5.8442       -3.4267       -9.2709       -9.2709       
6             6             -12.8986      -3.5104       -16.409       -16.409       
7             7             -12.2795      -4.4827       -16.7622      -16.7622      
8             8             -9.8738       -4.1398       -14.0136      -14.0136      
9             9             -14.1436      -2.7235       -16.8671      -16.8671      
10            10            -8.9016       -2.2705       -11.1721      -11.1721      
11            11            -8.4249       -3.843        -12.2679      -12.2679      
12            12            -11.9928      -3.1452       -15.138       -15.138       
13            13            -13.2869      -2.8651       -16.152       -16.152       
14            14            -14.086       -3.9602       -18.0462      -18.0462      
15            15            -11.5687      -3.2277       -14.7964      -14.7964      
16            16            -15.6596      -3.3752       -19.0348      -19.0348      
17            17            -3.8001       -3.8077       -7.6078       -7.6078       
18            18            -3.8274       -6.8156       -10.643       -10.643       
19            19            -13.4373      -4.8566       -18.2939      -18.2939      
20            20            -8.747        -2.9096       -11.6566      -11.6566      
21            21            -15.2772      -4.6578       -19.935       -19.935       
22            22            -5.1109       -3.41         -8.5209       -8.5209       
23            23            -9.9884       -4.6738       -14.6622      -14.6622      
24            24            -6.8296       -3.9259       -10.7555      -10.7555      
25            25            -5.0838       -1.2657       -6.3495       -6.3495       
26            26            -8.6396       -4.4588       -13.0984      -13.0984      
27            27            -9.9361       -2.4369       -12.373       -12.373       
28            28            +6.9024       -1.5804       +5.322        +5.322        
29            29            -0.6044       -0.8536       -1.458        -1.458        
30            30            -0.3138       -0.3287       -0.6425       -0.6425       
31            31            +0.4702       -3.5797       -3.1095       -3.1095       
32            32            -4.4909       -2.814        -7.3049       -7.3049       
33            33            -11.6596      -0.3742       -12.0338      -12.0338      
34            34            -8.2408       -4.9135       -13.1543      -13.1543      
35            35            -5.3335       -1.5806       -6.9141       -6.9141       
36            36            -2.5729       -2.346        -4.9189       -4.9189       
37            37            -6.7693       -3.6007       -10.37        -10.37        
38            38            -6.3474       -3.4264       -9.7738       -9.7738       
39            39            -2.3776       -2.9133       -5.2909       -5.2909       
40            40            -9.3828       +0.4118       -8.971        -8.971        
41            41            +2.0827       -1.7645       +0.3182       +0.3182       
42            42            -4.8689       -3.2915       -8.1604       -8.1604       
43            43            -8.9039       -2.6574       -11.5613      -11.5613      
44            44            +0.9175       -1.6547       -0.7372       -0.7372       
45            45            -0.4127       -2.541        -2.9537       -2.9537       
46            46            -1.7381       -2.236        -3.9741       -3.9741       
47            47            -9.7143       -4.1942       -13.9085      -13.9085      
48            48            -8.9358       +0.1288       -8.807        -8.807        
49            49            -7.6066       -2.7678       -10.3744      -10.3744      
50            50            -7.4016       -3.3392       -10.7408      -10.7408      
51            51            -9.0197       -2.6317       -11.6514      -11.6514      
52            52            -9.2795       -2.246        -11.5255      -11.5255      
53            53            -11.5484      -2.6433       -14.1917      -14.1917      
54            54            -8.9032       -3.6557       -12.5589      -12.5589      
55            55            -7.954        -2.7953       -10.7493      -10.7493      
56            56            -12.6851      -3.5003       -16.1854      -16.1854      
57            57            -8.6925       -2.116        -10.8085      -10.8085      
58            58            -7.5019       -4.2823       -11.7842      -11.7842      
59            59            -9.2912       -2.3723       -11.6635      -11.6635      
60            60            -5.3898       -1.4046       -6.7944       -6.7944       
61            61            -7.0918       -4.4758       -11.5676      -11.5676      
62            62            -5.1668       -3.8906       -9.0574       -9.0574       
63            63            -5.6091       -2.1746       -7.7837       -7.7837       
64            64            -3.5203       -3.2587       -6.779        -6.779        
65            65            -12.4434      -2.3112       -14.7546      -14.7546      
66            66            -10.9495      -1.0378       -11.9873      -11.9873      
67            67            -4.6439       -2.7036       -7.3475       -7.3475       
68            68            -6.4922       -1.1515       -7.6437       -7.6437       
69            69            -2.1228       -0.6101       -2.7329       -2.7329       
70            70            +0.8339       -0.364        +0.4699       +0.4699       
71            71            +3.6707       -0.0382       +3.6325       +3.6325       
72            72            -0.5508       -0.2157       -0.7665       -0.7665       
73            73            -2.1874       -0.4505       -2.6379       -2.6379       
74            74            +6.3732       -0.3178       +6.0554       +6.0554       
75            75            -0.0081       -0.1948       -0.2029       -0.2029       
76            76            -0.363        -0.3151       -0.6781       -0.6781       
77            77            +0.6025       -1.2991       -0.6966       -0.6966       
78            78            +0.8779       -0.493        +0.3849       +0.3849       
79            79            -0.9298       -2.134        -3.0638       -3.0638       
80            80            -0.9973       -0.5341       -1.5314       -1.5314       
81            81            -0.2166       -0.0939       -0.3105       -0.3105       
82            82            -0.4402       -0.6928       -1.133        -1.133        
83            83            +0.5712       -0.134        +0.4372       +0.4372       
84            84            +2.9909       -0.141        +2.8499       +2.8499       
85            85            -1.0467       -0.1405       -1.1872       -1.1872       
86            86            -2.9825       -0.8253       -3.8078       -3.8078       
87            87            -5.1082       -2.6844       -7.7926       -7.7926       
88            88            -1.646        -1.726        -3.372        -3.372        
89            89            -1.409        -2.1198       -3.5288       -3.5288       
90            90            -3.1046       -1.9663       -5.0709       -5.0709       
91            91            -2.7515       -1.8401       -4.5916       -4.5916       
92            92            -1.3064       -2.0604       -3.3668       -3.3668       
93            93            +1.3384       -1.7991       -0.4607       -0.4607       
94            94            -2.5741       -1.0961       -3.6702       -3.6702       
95            95            -6.2019       -2.1878       -8.3897       -8.3897       
96            96            -3.1752       -1.0722       -4.2474       -4.2474       
97            97            -1.8459       -1.2664       -3.1123       -3.1123       
98            98            -1.0066       -1.5145       -2.5211       -2.5211       
99            99            +0.5102       -1.8945       -1.3843       -1.3843       
100           100           -1.067        -1.2087       -2.2757       -2.2757       
101           101           -0.8759       -1.4148       -2.2907       -2.2907       
102           102           -3.9049       -1.7371       -5.642        -5.642        
103           103           -0.7263       -1.3325       -2.0588       -2.0588       
104           104           +2.5243       -2.2828       +0.2415       +0.2415       
105           105           -4.1798       -1.338        -5.5178       -5.5178       
106           106           -1.6587       -1.5958       -3.2545       -3.2545       
107           107           +0.1707       -2.0286       -1.8579       -1.8579       
108           108           -1.9702       -1.7859       -3.7561       -3.7561       
109           109           +1.113        -2.4337       -1.3207       -1.3207       
110           110           -0.0528       -2.1133       -2.1661       -2.1661       
111           111           -0.8091       -0.4387       -1.2478       -1.2478       
112           112           -2.7982       -3.0676       -5.8658       -5.8658       
113           113           -1.9139       -1.0748       -2.9887       -2.9887       
114           114           -1.244        -1.8523       -3.0963       -3.0963       
115           115           +0.109        -1.6501       -1.5411       -1.5411       
116           116           +0.2166       -2.0098       -1.7932       -1.7932       
117           117           -1.1883       -1.7892       -2.9775       -2.9775       
118           118           +0.2184       -1.1228       -0.9044       -0.9044       
119           119           -1.8754       -1.4345       -3.3099       -3.3099       
120           120           -3.4873       -1.0453       -4.5326       -4.5326       
121           121           -2.9675       -2.3965       -5.364        -5.364        
122           122           -2.2752       -1.6505       -3.9257       -3.9257       
123           123           -1.4457       -1.5255       -2.9712       -2.9712       
124           124           +1.3253       -1.8345       -0.5092       -0.5092       
125           125           -2.9132       -1.8704       -4.7836       -4.7836       
126           126           +1.29         -1.6839       -0.3939       -0.3939       
127           127           -2.4561       -1.6154       -4.0715       -4.0715       
128           128           +1.3891       -1.5356       -0.1465       -0.1465       
129           129           -1.4661       -1.5496       -3.0157       -3.0157       
130           130           -3.1347       -1.6569       -4.7916       -4.7916       
131           131           -2.6165       -1.0198       -3.6363       -3.6363       
132           132           -3.3424       -1.3431       -4.6855       -4.6855       
133           133           +0.599        -1.4302       -0.8312       -0.8312       
134           134           -3.3094       -0.308        -3.6174       -3.6174       
135           135           -2.9489       -0.7751       -3.724        -3.724        
136           136           -2.9852       -1.4355       -4.4207       -4.4207       
137           137           -1.3802       -0.9603       -2.3405       -2.3405       
138           138           -4.301        -0.4011       -4.7021       -4.7021       
139           139           +1.0318       -1.7916       -0.7598       -0.7598       
140           140           -0.8997       -0.4752       -1.3749       -1.3749       
141           141           -3.0131       -0.6321       -3.6452       -3.6452       
142           142           +1.9857       -0.3836       +1.6021       +1.6021       
143           143           +0.4235       -0.446        -0.0225       -0.0225       
144           144           -4.1788       -2.5627       -6.7415       -6.7415       
145           145           -9.1715       -1.7523       -10.9238      -10.9238      
146           146           -2.562        -1.4065       -3.9685       -3.9685       
147           147           -4.9342       -1.2159       -6.1501       -6.1501       
148           148           +0.2889       -1.3187       -1.0298       -1.0298       
149           149           +1.4571       -1.3349       +0.1222       +0.1222       
150           150           +1.2836       -1.5725       -0.2889       -0.2889       
151           151           +0.1876       -0.7103       -0.5227       -0.5227       
152           152           -2.301        -0.862        -3.163        -3.163        
153           153           -2.7684       -0.4669       -3.2353       -3.2353       
154           154           -0.2934       -0.718        -1.0114       -1.0114       
155           155           +1.9982       -0.7973       +1.2009       +1.2009       
156           156           +6.7096       -1.4158       +5.2938       +5.2938       
157           157           -1.0576       -0.1166       -1.1742       -1.1742       
158           158           +0.3618       -0.1356       +0.2262       +0.2262       
159           159           -6.2283       +0.9204       -5.3079       -5.3079       
160           160           +0.3533       -1.3246       -0.9713       -0.9713       
161           161           +6.157        -1.4419       +4.7151       +4.7151       
162           162           +2.4942       -1.0429       +1.4513       +1.4513       
163           163           -0.7035       -1.8598       -2.5633       -2.5633       
164           164           -1.0984       -2.3317       -3.4301       -3.4301       
165           165           -3.3501       -1.2733       -4.6234       -4.6234       
166           166           -2.9872       -1.533        -4.5202       -4.5202       
167           167           -7.5363       -1.582        -9.1183       -9.1183       
168           168           +0.6139       -2.6189       -2.005        -2.005        
169           169           -0.7768       -3.2157       -3.9925       -3.9925       
170           170           +0.6228       -2.7317       -2.1089       -2.1089       
171           171           +0.7108       -2.5524       -1.8416       -1.8416       
172           172           -1.7279       -2.6314       -4.3593       -4.3593       
173           173           +1.089        -2.7528       -1.6638       -1.6638       
174           174           +3.1383       -3.4856       -0.3473       -0.3473       
175           175           +1.846        -3.0086       -1.1626       -1.1626       
176           176           -3.3998       -3.125        -6.5248       -6.5248       
177           177           +0.3127       -3.1566       -2.8439       -2.8439       
178           178           +0.0336       -2.0885       -2.0549       -2.0549       
179           179           -5.1323       -1.8896       -7.0219       -7.0219       
180           180           +2.4628       -2.5488       -0.086        -0.086        
181           181           -0.0689       -1.3769       -1.4458       -1.4458       
182           182           -5.531        -2.6964       -8.2274       -8.2274       
183           183           -0.1857       -2.3945       -2.5802       -2.5802       
184           184           +4.5488       -3.4639       +1.0849       +1.0849       
185           185           +4.2155       -1.2218       +2.9937       +2.9937       
186           186           +5.5319       -1.5274       +4.0045       +4.0045       
187           187           +0.031        -2.1843       -2.1533       -2.1533       
188           188           +3.3761       -2.6281       +0.748        +0.748        
189           189           -7.5448       -1.252        -8.7968       -8.7968       
190           190           -1.2414       -1.3192       -2.5606       -2.5606       
191           191           -0.1211       -1.7355       -1.8566       -1.8566       
192           192           +3.074        -1.8661       +1.2079       +1.2079       
193           193           -1.7458       -1.4807       -3.2265       -3.2265       
194           194           -1.7915       -1.7359       -3.5274       -3.5274       
195           195           +0.9009       -1.6014       -0.7005       -0.7005       
196           196           +3.5907       -2.0017       +1.589        +1.589        
197           197           +0.2567       -3.2448       -2.9881       -2.9881       
198           198           -2.5364       -2.2046       -4.741        -4.741        
199           199           +1.4693       -1.6443       -0.175        -0.175        
200           200           -7.9192       -0.1812       -8.1004       -8.1004       
201           201           -3.349        -2.3192       -5.6682       -5.6682       
202           202           -1.5474       -1.285        -2.8324       -2.8324       
203           203           +5.0762       -3.0328       +2.0434       +2.0434       
204           204           -0.0776       -1.5781       -1.6557       -1.6557       
205           205           +0.3106       -1.6345       -1.3239       -1.3239       
206           206           +8.3281       -2.2379       +6.0902       +6.0902       
207           207           +4.2394       -3.456        +0.7834       +0.7834       
208           208           +1.0425       -2.4665       -1.424        -1.424        
209           209           +2.9581       -2.6642       +0.2939       +0.2939       
210           210           +1.9933       -2.9936       -1.0003       -1.0003       
211           211           -0.9205       -2.4219       -3.3424       -3.3424       
212           212           -1.7609       -3.3427       -5.1036       -5.1036       
213           213           -4.098        -2.0514       -6.1494       -6.1494       
214           214           -2.9769       -2.3845       -5.3614       -5.3614       
215           215           -0.6271       -1.2046       -1.8317       -1.8317       
216           216           +1.8631       -1.7135       +0.1496       +0.1496       
217           217           -7.1568       -0.6113       -7.7681       -7.7681       
218           218           -5.2572       -1.994        -7.2512       -7.2512       
219           219           -2.0555       -1.7584       -3.8139       -3.8139       
220           220           -0.9701       -2.8131       -3.7832       -3.7832       
221           221           -3.9767       -2.7971       -6.7738       -6.7738       
222           222           -5.5868       -1.5024       -7.0892       -7.0892       
223           223           +4.0474       -1.4486       +2.5988       +2.5988       
224           224           -4.8483       -2.4651       -7.3134       -7.3134       
225           225           +3.2297       -1.0577       +2.172        +2.172        
226           226           +0.3897       -1.2921       -0.9024       -0.9024       
227           227           -3.2762       -3.3991       -6.6753       -6.6753       
228           228           +1.045        -2.442        -1.397        -1.397        
229           229           +7.785        -1.831        +5.954        +5.954        
230           230           -2.8048       -2.2658       -5.0706       -5.0706       
231           231           -2.5986       -3.4197       -6.0183       -6.0183       
232           232           +2.8922       -4.0887       -1.1965       -1.1965       
233           233           -0.7606       -2.498        -3.2586       -3.2586       
234           234           -0.3601       -2.7939       -3.154        -3.154        
235           235           -4.2592       -1.2702       -5.5294       -5.5294       
236           236           -0.2934       -2.5863       -2.8797       -2.8797       
237           237           -1.698        -2.3385       -4.0365       -4.0365       
238           238           -4.4217       -3.0181       -7.4398       -7.4398       
239           239           -2.2151       -3.2545       -5.4696       -5.4696       
240           240           -5.8628       -1.7607       -7.6235       -7.6235       
241           241           -4.0655       -2.6038       -6.6693       -6.6693       
242           242           -0.9329       -3.1665       -4.0994       -4.0994       
243           243           +1.2103       -3.4117       -2.2014       -2.2014       
244           244           -3.358        +1.481        -1.877        -1.877        
245           245           +1.2692       -3.3357       -2.0665       -2.0665       
246           246           -2.3108       -1.9611       -4.2719       -4.2719       
247           247           -2.7597       -2.8746       -5.6343       -5.6343       
248           248           -1.2297       -2.9231       -4.1528       -4.1528       
249           249           -1.0445       -3.0479       -4.0924       -4.0924       
250           250           -1.2939       -3.3262       -4.6201       -4.6201       
251           251           -0.9083       -3.3855       -4.2938       -4.2938       
252           252           -1.9415       -2.8931       -4.8346       -4.8346       
253           253           -0.2153       -1.9982       -2.2135       -2.2135       
254           254           -2.3023       -0.9118       -3.2141       -3.2141       
255           255           -7.7692       -0.857        -8.6262       -8.6262       
256           256           -2.4886       -3.4245       -5.9131       -5.9131       
257           257           -6.1017       -1.9691       -8.0708       -8.0708       
258           258           -1.8654       -3.7359       -5.6013       -5.6013       
259           259           -3.4396       -3.7705       -7.2101       -7.2101       
260           260           -2.1132       -3.6203       -5.7335       -5.7335       
261           261           +2.9712       -2.8005       +0.1707       +0.1707       
262           262           +10.0319      -2.4357       +7.5962       +7.5962       
263           263           -6.5184       -0.6674       -7.1858       -7.1858       
264           264           -7.5874       -0.9513       -8.5387       -8.5387       
265           265           +2.7305       -2.0219       +0.7086       +0.7086       
266           266           -2.9999       -2.1891       -5.189        -5.189        
267           267           -0.973        -1.6627       -2.6357       -2.6357       
268           268           +6.9016       -2.3897       +4.5119       +4.5119       
269           269           -6.8458       -2.0156       -8.8614       -8.8614       
270           270           +12.1917      -2.443        +9.7487       +9.7487       
271           271           +3.6782       -2.0623       +1.6159       +1.6159       
272           272           +1.8107       -1.069        +0.7417       +0.7417       
273           273           +1.2446       -1.5898       -0.3452       -0.3452       
274           274           -3.427        -0.6614       -4.0884       -4.0884       
275           275           +1.9344       -1.0747       +0.8597       +0.8597       
276           276           -7.0736       -0.3181       -7.3917       -7.3917       
277           277           +7.4058       -2.564        +4.8418       +4.8418       
278           278           +0.843        -2.7468       -1.9038       -1.9038       
279           279           -0.8772       -1.5461       -2.4233       -2.4233       
280           280           -3.3546       -1.6105       -4.9651       -4.9651       
281           281           -3.8597       -1.0727       -4.9324       -4.9324       
282           282           +6.1727       -1.0616       +5.1111       +5.1111       
283           283           -1.2765       -1.9262       -3.2027       -3.2027       
284           284           -2.8092       -1.0164       -3.8256       -3.8256       
285           285           -5.4991       -1.1175       -6.6166       -6.6166       
286           286           -2.6907       -1.4948       -4.1855       -4.1855       
287           287           -4.9897       -2.2536       -7.2433       -7.2433       
288           288           -4.027        -2.5013       -6.5283       -6.5283       
289           289           -9.0079       -1.1938       -10.2017      -10.2017      
290           290           -8.3772       -1.3327       -9.7099       -9.7099       
291           291           +6.262        -1.8741       +4.3879       +4.3879       
292           292           +5.3408       -3.1834       +2.1574       +2.1574       
293           293           +3.5652       -0.8619       +2.7033       +2.7033       
294           294           -1.7486       -0.5075       -2.2561       -2.2561       
295           295           +2.5253       -0.8944       +1.6309       +1.6309       
296           296           +0.3966       -0.8684       -0.4718       -0.4718       
297           297           +0.5169       -0.7592       -0.2423       -0.2423       
298           298           -5.6946       -2.297        -7.9916       -7.9916       
299           299           -3.2453       -2.3489       -5.5942       -5.5942       
300           300           +1.5634       -2.8785       -1.3151       -1.3151       
301           301           -0.41         -0.9867       -1.3967       -1.3967       
302           302           -3.1388       -0.5109       -3.6497       -3.6497       
303           303           -3.5631       -1.1709       -4.734        -4.734        
304           304           +1.4811       -1.6921       -0.211        -0.211        
305           305           -4.03         -0.3208       -4.3508       -4.3508       
306           306           -3.0742       -0.8393       -3.9135       -3.9135       
307           307           +3.385        -1.2759       +2.1091       +2.1091       
308           308           -3.5776       -2.2594       -5.837        -5.837        
309           309           -4.6202       -1.3839       -6.0041       -6.0041       
310           310           +2.5814       -1.334        +1.2474       +1.2474       
311           311           +2.4186       -1.9318       +0.4868       +0.4868       
312           312           -15.6152      -1.9628       -17.578       -17.578       
313           313           -4.9376       -0.9915       -5.9291       -5.9291       
314           314           -0.6295       -0.3614       -0.9909       -0.9909       
315           315           +2.956        -0.4301       +2.5259       +2.5259       
316           316           -6.3893       -0.7771       -7.1664       -7.1664       
317           317           -13.5217      -0.7153       -14.237       -14.237       
318           318           -20.8694      -1.5274       -22.3968      -22.3968      
319           319           -26.4573      -1.0606       -27.5179      -27.5179      
320           320           -6.6372       -1.1407       -7.7779       -7.7779       
321           321           -27.5769      -1.5467       -29.1236      -29.1236      
322           322           -7.8531       -2.0774       -9.9305       -9.9305       
323           323           -10.8962      -2.7033       -13.5995      -13.5995      
324           324           -3.1152       -1.4739       -4.5891       -4.5891       
325           325           -0.2121       -0.8093       -1.0214       -1.0214       
326           326           -2.9342       -2.5063       -5.4405       -5.4405       
327           327           -2.0845       -0.8001       -2.8846       -2.8846       
328           328           -3.3352       -2.2436       -5.5788       -5.5788       
329           329           -0.89         -1.7535       -2.6435       -2.6435       
330           330           +4.1732       -1.3757       +2.7975       +2.7975       
331           331           -13.8581      -0.7448       -14.6029      -14.6029      
332           332           -1.4255       -1.764        -3.1895       -3.1895       
333           333           +0.3186       -0.6216       -0.303        -0.303        
334           334           -4.2903       -1.0819       -5.3722       -5.3722       
335           335           -3.8339       -0.2908       -4.1247       -4.1247       
336           336           -0.4734       -0.3087       -0.7821       -0.7821       
337           337           +9.8654       -0.475        +9.3904       +9.3904       
338           338           +3.3891       -1.0873       +2.3018       +2.3018       
339           339           +0.0409       -0.8708       -0.8299       -0.8299       
