Frame         Time          Elec          VdW           Nonbond       Total         
0             0             -0.0084       -0.0191       -0.0275       -0.0275       
1             1             -0.0496       -0.0354       -0.085        -0.085        
2             2             +0.0353       -0.0007       +0.0346       +0.0346       
3             3             +0.0914       -0.0054       +0.086        +0.086        
4             4             +0.1522       -0.0102       +0.142        +0.142        
5             5             -0.1334       -0.0058       -0.1392       -0.1392       
6             6             -0.1343       -0.0026       -0.1369       -0.1369       
7             7             -0.0279       -0.0167       -0.0446       -0.0446       
8             8             -0.0197       -0.0085       -0.0282       -0.0282       
9             9             -0.0134       -0.0026       -0.016        -0.016        
10            10            -0.1005       -0.0127       -0.1132       -0.1132       
11            11            +0.1199       -0.0057       +0.1142       +0.1142       
12            12            +0.051        -0.0079       +0.0431       +0.0431       
13            13            +0.0453       -0.0027       +0.0426       +0.0426       
14            14            -0.2286       -0.0174       -0.246        -0.246        
15            15            +0.0815       -0.0031       +0.0784       +0.0784       
16            16            +0.0218       -0.0035       +0.0183       +0.0183       
17            17            +0.0759       -0.0057       +0.0702       +0.0702       
18            18            -0.1239       -0.0154       -0.1393       -0.1393       
19            19            +0.0883       -0.0046       +0.0837       +0.0837       
20            20            +0.1187       -0.0054       +0.1133       +0.1133       
21            21            +0.0443       -0.001        +0.0433       +0.0433       
22            22            +0.0019       -0.0005       +0.0014       +0.0014       
23            23            +0.0353       -0.0011       +0.0342       +0.0342       
24            24            -0.018        -0.0021       -0.0201       -0.0201       
25            25            -0.0201       -0.0001       -0.0202       -0.0202       
26            26            -0.0424       -0.0115       -0.0539       -0.0539       
27            27            -0.1232       -0.0185       -0.1417       -0.1417       
28            28            +0.7515       -0.0398       +0.7117       +0.7117       
29            29            +0.0187       -0.0173       +0.0014       +0.0014       
30            30            -0.0487       -0.0035       -0.0522       -0.0522       
31            31            +0.5676       -0.0716       +0.496        +0.496        
32            32            +0.147        -0.0316       +0.1154       +0.1154       
33            33            -0.1272       -0.0297       -0.1569       -0.1569       
34            34            +0.3471       -0.044        +0.3031       +0.3031       
35            35            +0.2457       -0.0371       +0.2086       +0.2086       
36            36            -0.1554       -0.0092       -0.1646       -0.1646       
37            37            +0.2533       -0.0457       +0.2076       +0.2076       
38            38            -0.2242       -0.0321       -0.2563       -0.2563       
39            39            +0.1588       -0.0441       +0.1147       +0.1147       
40            40            -0.0843       -0.0188       -0.1031       -0.1031       
41            41            -0.0494       -0.0267       -0.0761       -0.0761       
42            42            +0.1751       -0.045        +0.1301       +0.1301       
43            43            -0.1187       -0.0229       -0.1416       -0.1416       
44            44            +0.1749       -0.0212       +0.1537       +0.1537       
45            45            +0.2392       -0.043        +0.1962       +0.1962       
46            46            -0.0359       -0.016        -0.0519       -0.0519       
47            47            +0.2723       -0.0381       +0.2342       +0.2342       
48            48            -0.1316       -0.0151       -0.1467       -0.1467       
49            49            -0.0826       -0.0059       -0.0885       -0.0885       
50            50            -0.3746       -0.0177       -0.3923       -0.3923       
51            51            -0.1731       -0.0146       -0.1877       -0.1877       
52            52            -0.2736       -0.012        -0.2856       -0.2856       
53            53            +0.0943       -0.0299       +0.0644       +0.0644       
54            54            -0.0337       -0.0148       -0.0485       -0.0485       
55            55            +0.0526       -0.0348       +0.0178       +0.0178       
56            56            -0.1723       -0.0322       -0.2045       -0.2045       
57            57            -0.0863       -0.0259       -0.1122       -0.1122       
58            58            +0.1853       -0.0256       +0.1597       +0.1597       
59            59            -0.0932       -0.0213       -0.1145       -0.1145       
60            60            +0.0209       -0.0387       -0.0178       -0.0178       
61            61            -0.0381       -0.0426       -0.0807       -0.0807       
62            62            -0.1606       -0.0169       -0.1775       -0.1775       
63            63            -0.1328       -0.0159       -0.1487       -0.1487       
64            64            -0.1506       -0.0223       -0.1729       -0.1729       
65            65            -0.3164       -0.0151       -0.3315       -0.3315       
66            66            -0.1747       -0.0236       -0.1983       -0.1983       
67            67            +0.0355       -0.0047       +0.0308       +0.0308       
68            68            -0.1096       -0.001        -0.1106       -0.1106       
69            69            +0.383        -0.0675       +0.3155       +0.3155       
70            70            +0            +0            +0            +0            
71            71            +0            +0            +0            +0            
72            72            +0.003        -0            +0.003        +0.003        
73            73            +0.0398       -0.002        +0.0378       +0.0378       
74            74            -0.0343       -0.0026       -0.0369       -0.0369       
75            75            -0.0293       -0.0007       -0.03         -0.03         
76            76            +0.0638       -0.0022       +0.0616       +0.0616       
77            77            +0.2564       -0.0136       +0.2428       +0.2428       
78            78            +0.0483       -0.0031       +0.0452       +0.0452       
79            79            +0.0957       -0.0632       +0.0325       +0.0325       
80            80            -0.0591       -0.0021       -0.0612       -0.0612       
81            81            +0            +0            +0            +0            
82            82            -0.0954       -0.0077       -0.1031       -0.1031       
83            83            +0            +0            +0            +0            
84            84            +0            +0            +0            +0            
85            85            +0            +0            +0            +0            
86            86            +0.0449       -0.0016       +0.0433       +0.0433       
87            87            -0.141        -0.0061       -0.1471       -0.1471       
88            88            -0.0505       -0.0017       -0.0522       -0.0522       
89            89            +0.1131       -0.008        +0.1051       +0.1051       
90            90            -0.0747       -0.001        -0.0757       -0.0757       
91            91            -0.0246       -0.001        -0.0256       -0.0256       
92            92            +0.0429       -0.0035       +0.0394       +0.0394       
93            93            +0.0496       -0.0035       +0.0461       +0.0461       
94            94            -0.0244       -0.0005       -0.0249       -0.0249       
95            95            -0.1121       -0.0012       -0.1133       -0.1133       
96            96            -0.0628       -0.001        -0.0638       -0.0638       
97            97            +0.0068       -0.0018       +0.005        +0.005        
98            98            -0.0551       -0.0008       -0.0559       -0.0559       
99            99            +0.0987       -0.0032       +0.0955       +0.0955       
100           100           +0.0073       -0.0034       +0.0039       +0.0039       
101           101           +0.0037       -0.001        +0.0027       +0.0027       
102           102           -0.078        -0.0059       -0.0839       -0.0839       
103           103           +0.0159       -0.0013       +0.0146       +0.0146       
104           104           -0.1603       -0.0015       -0.1618       -0.1618       
105           105           +0.0493       -0.0014       +0.0479       +0.0479       
106           106           -0.0566       -0.0012       -0.0578       -0.0578       
107           107           -0.0041       -0.0028       -0.0069       -0.0069       
108           108           -0.0242       -0.0008       -0.025        -0.025        
109           109           -0.0233       -0.003        -0.0263       -0.0263       
110           110           +0.0245       -0.0073       +0.0172       +0.0172       
111           111           -0.1034       -0.0005       -0.1039       -0.1039       
112           112           -0.2731       -0.0132       -0.2863       -0.2863       
113           113           -0.0112       -0.0002       -0.0114       -0.0114       
114           114           +0.0572       -0.0022       +0.055        +0.055        
115           115           -0.0722       -0.0014       -0.0736       -0.0736       
116           116           +0.1691       -0.0035       +0.1656       +0.1656       
117           117           +0.122        -0.0048       +0.1172       +0.1172       
118           118           +0.0397       -0.0027       +0.037        +0.037        
119           119           -0.0055       -0.0043       -0.0098       -0.0098       
120           120           -0.0461       -0.0016       -0.0477       -0.0477       
121           121           +0.0326       -0.01         +0.0226       +0.0226       
122           122           +0.0848       -0.005        +0.0798       +0.0798       
123           123           +0.0576       -0.0028       +0.0548       +0.0548       
124           124           +0.0341       -0.0043       +0.0298       +0.0298       
125           125           +0.1172       -0.004        +0.1132       +0.1132       
126           126           +0.1061       -0.0116       +0.0945       +0.0945       
127           127           -0.0164       -0.0013       -0.0177       -0.0177       
128           128           +0.2352       -0.0036       +0.2316       +0.2316       
129           129           +0.0757       -0.0028       +0.0729       +0.0729       
130           130           +0.0108       -0.0009       +0.0099       +0.0099       
131           131           -0.0139       -0.0004       -0.0143       -0.0143       
132           132           -0.0277       -0.0009       -0.0286       -0.0286       
133           133           -0.0565       -0.0006       -0.0571       -0.0571       
134           134           +0            +0            +0            +0            
135           135           -0.0919       -0.0005       -0.0924       -0.0924       
136           136           -0.0222       -0.0004       -0.0226       -0.0226       
137           137           -0.0276       -0.0002       -0.0278       -0.0278       
138           138           +0            +0            +0            +0            
139           139           -0.0737       -0.0006       -0.0743       -0.0743       
140           140           +0.0042       -0.0001       +0.0041       +0.0041       
141           141           -0.0097       -0            -0.0097       -0.0097       
142           142           -0.0009       -0            -0.0009       -0.0009       
143           143           -0.0091       -0            -0.0091       -0.0091       
144           144           +0            +0            +0            +0            
145           145           +0            +0            +0            +0            
146           146           -0.0902       -0.0017       -0.0919       -0.0919       
147           147           -0.1175       -0.0013       -0.1188       -0.1188       
148           148           -0.052        -0.0004       -0.0524       -0.0524       
149           149           -0.1098       -0.0011       -0.1109       -0.1109       
150           150           +0.0436       -0.0033       +0.0403       +0.0403       
151           151           -0.1154       -0.0014       -0.1168       -0.1168       
152           152           -0.0377       -0.0002       -0.0379       -0.0379       
153           153           +0            +0            +0            +0            
154           154           -0.0099       -0            -0.0099       -0.0099       
155           155           +0            +0            +0            +0            
156           156           +0            +0            +0            +0            
157           157           +0            +0            +0            +0            
158           158           +0            +0            +0            +0            
159           159           +0            +0            +0            +0            
160           160           +0            +0            +0            +0            
161           161           +0            +0            +0            +0            
162           162           +0            +0            +0            +0            
163           163           +0            +0            +0            +0            
164           164           +0            +0            +0            +0            
165           165           +0            +0            +0            +0            
166           166           +0            +0            +0            +0            
167           167           +0            +0            +0            +0            
168           168           +0            +0            +0            +0            
169           169           +0            +0            +0            +0            
170           170           +0            +0            +0            +0            
171           171           +0            +0            +0            +0            
172           172           +0            +0            +0            +0            
173           173           +0            +0            +0            +0            
174           174           +0            +0            +0            +0            
175           175           +0            +0            +0            +0            
176           176           +0            +0            +0            +0            
177           177           +0            +0            +0            +0            
178           178           +0            +0            +0            +0            
179           179           +0            +0            +0            +0            
180           180           +0            +0            +0            +0            
181           181           +0            +0            +0            +0            
182           182           +0            +0            +0            +0            
183           183           +0            +0            +0            +0            
184           184           +0            +0            +0            +0            
185           185           +0            +0            +0            +0            
186           186           +0            +0            +0            +0            
187           187           +0            +0            +0            +0            
188           188           +0            +0            +0            +0            
189           189           +0            +0            +0            +0            
190           190           +0            +0            +0            +0            
191           191           +0            +0            +0            +0            
192           192           +0            +0            +0            +0            
193           193           +0            +0            +0            +0            
194           194           +0            +0            +0            +0            
195           195           +0            +0            +0            +0            
196           196           +0            +0            +0            +0            
197           197           +0            +0            +0            +0            
198           198           +0            +0            +0            +0            
199           199           +0            +0            +0            +0            
200           200           +0            +0            +0            +0            
201           201           +0            +0            +0            +0            
202           202           +0            +0            +0            +0            
203           203           +0            +0            +0            +0            
204           204           +0            +0            +0            +0            
205           205           +0            +0            +0            +0            
206           206           +0            +0            +0            +0            
207           207           +0            +0            +0            +0            
208           208           +0            +0            +0            +0            
209           209           +0            +0            +0            +0            
210           210           +0            +0            +0            +0            
211           211           +0            +0            +0            +0            
212           212           +0            +0            +0            +0            
213           213           +0            +0            +0            +0            
214           214           +0            +0            +0            +0            
215           215           +0            +0            +0            +0            
216           216           +0            +0            +0            +0            
217           217           +0            +0            +0            +0            
218           218           +0            +0            +0            +0            
219           219           +0            +0            +0            +0            
220           220           +0            +0            +0            +0            
221           221           +0            +0            +0            +0            
222           222           +0            +0            +0            +0            
223           223           +0            +0            +0            +0            
224           224           +0            +0            +0            +0            
225           225           +0            +0            +0            +0            
226           226           +0            +0            +0            +0            
227           227           +0            +0            +0            +0            
228           228           +0            +0            +0            +0            
229           229           +0            +0            +0            +0            
230           230           -0.0002       -0            -0.0002       -0.0002       
231           231           +0            +0            +0            +0            
232           232           -0.0167       -0            -0.0167       -0.0167       
233           233           +0            +0            +0            +0            
234           234           +0            +0            +0            +0            
235           235           +0            +0            +0            +0            
236           236           +0            +0            +0            +0            
237           237           +0            +0            +0            +0            
238           238           +0            +0            +0            +0            
239           239           +0            +0            +0            +0            
240           240           -0            -0            -0            -0            
241           241           +0            +0            +0            +0            
242           242           -0.0011       -0            -0.0011       -0.0011       
243           243           +0            +0            +0            +0            
244           244           +0            +0            +0            +0            
245           245           +0            +0            +0            +0            
246           246           +0            +0            +0            +0            
247           247           +0            +0            +0            +0            
248           248           +0            +0            +0            +0            
249           249           +0            +0            +0            +0            
250           250           +0            +0            +0            +0            
251           251           +0            +0            +0            +0            
252           252           +0            +0            +0            +0            
253           253           +0            +0            +0            +0            
254           254           +0            +0            +0            +0            
255           255           +0            +0            +0            +0            
256           256           +0            +0            +0            +0            
257           257           +0            +0            +0            +0            
258           258           +0            +0            +0            +0            
259           259           -0.0033       -0            -0.0033       -0.0033       
260           260           +0            +0            +0            +0            
261           261           +0            +0            +0            +0            
262           262           +0.0017       -0            +0.0017       +0.0017       
263           263           +0            +0            +0            +0            
264           264           -0.0017       -0            -0.0017       -0.0017       
265           265           +0            +0            +0            +0            
266           266           +0            +0            +0            +0            
267           267           +0.0056       -0            +0.0056       +0.0056       
268           268           +0            +0            +0            +0            
269           269           -0.0063       -0            -0.0063       -0.0063       
270           270           +0            +0            +0            +0            
271           271           +0            +0            +0            +0            
272           272           -0.006        -0            -0.006        -0.006        
273           273           +0            +0            +0            +0            
274           274           +0            +0            +0            +0            
275           275           +0            +0            +0            +0            
276           276           +0            +0            +0            +0            
277           277           -0.0052       -0            -0.0052       -0.0052       
278           278           +0            +0            +0            +0            
279           279           +0            +0            +0            +0            
280           280           -0.0014       -0            -0.0014       -0.0014       
281           281           +0            +0            +0            +0            
282           282           -0.0201       -0.0001       -0.0202       -0.0202       
283           283           +0.0006       -0            +0.0006       +0.0006       
284           284           -0.0585       -0.0002       -0.0587       -0.0587       
285           285           -0.0185       -0.0001       -0.0186       -0.0186       
286           286           -0.0001       -0            -0.0001       -0.0001       
287           287           +0            +0            +0            +0            
288           288           +0            +0            +0            +0            
289           289           +0.0006       -0            +0.0006       +0.0006       
290           290           +0            +0            +0            +0            
291           291           +0            +0            +0            +0            
292           292           -0.0101       -0            -0.0101       -0.0101       
293           293           +0            +0            +0            +0            
294           294           +0            +0            +0            +0            
295           295           +0            +0            +0            +0            
296           296           +0            +0            +0            +0            
297           297           +0            +0            +0            +0            
298           298           +0            +0            +0            +0            
299           299           +0            +0            +0            +0            
300           300           +0            +0            +0            +0            
301           301           +0            +0            +0            +0            
302           302           +0            +0            +0            +0            
303           303           +0            +0            +0            +0            
304           304           +0            +0            +0            +0            
305           305           +0            +0            +0            +0            
306           306           +0            +0            +0            +0            
307           307           +0            +0            +0            +0            
308           308           +0            +0            +0            +0            
309           309           +0            +0            +0            +0            
310           310           +0            +0            +0            +0            
311           311           +0            +0            +0            +0            
312           312           +0            +0            +0            +0            
313           313           +0            +0            +0            +0            
314           314           +0            +0            +0            +0            
315           315           +0            +0            +0            +0            
316           316           +0            +0            +0            +0            
317           317           +0            +0            +0            +0            
318           318           +0            +0            +0            +0            
319           319           +0            +0            +0            +0            
320           320           +0            +0            +0            +0            
321           321           +0            +0            +0            +0            
322           322           +0            +0            +0            +0            
323           323           +0            +0            +0            +0            
324           324           +0            +0            +0            +0            
325           325           +0            +0            +0            +0            
326           326           +0            +0            +0            +0            
327           327           +0            +0            +0            +0            
328           328           +0            +0            +0            +0            
329           329           +0            +0            +0            +0            
330           330           +0            +0            +0            +0            
331           331           +0            +0            +0            +0            
332           332           +0            +0            +0            +0            
333           333           +0            +0            +0            +0            
334           334           +0            +0            +0            +0            
335           335           +0            +0            +0            +0            
336           336           +0            +0            +0            +0            
337           337           +0            +0            +0            +0            
338           338           +0            +0            +0            +0            
339           339           +0            +0            +0            +0            
