Frame         Time          Elec          VdW           Nonbond       Total         
0             0             +4.9711       -0.8754       +4.0957       +4.0957       
1             1             +1.4125       -1.3324       +0.0801       +0.0801       
2             2             -0.544        -1.7365       -2.2805       -2.2805       
3             3             -6.8811       -2.7378       -9.6189       -9.6189       
4             4             -7.3865       -2.6648       -10.0513      -10.0513      
5             5             -1.6788       -1.4709       -3.1497       -3.1497       
6             6             -4.6835       -2.4055       -7.089        -7.089        
7             7             -2.3759       -2.269        -4.6449       -4.6449       
8             8             -6.0444       -2.4062       -8.4506       -8.4506       
9             9             +4.3639       -0.9958       +3.3681       +3.3681       
10            10            +2.5361       -0.1869       +2.3492       +2.3492       
11            11            -0.3318       -0.6807       -1.0125       -1.0125       
12            12            +1.1338       -0.5891       +0.5447       +0.5447       
13            13            -1.102        -0.4011       -1.5031       -1.5031       
14            14            +1.7635       -0.9474       +0.8161       +0.8161       
15            15            -2.5705       -1.8915       -4.462        -4.462        
16            16            +0.5469       -2.6276       -2.0807       -2.0807       
17            17            +2.5417       -1.25         +1.2917       +1.2917       
18            18            -0.5784       -1.9385       -2.5169       -2.5169       
19            19            +2.8331       -1.6372       +1.1959       +1.1959       
20            20            -2.7155       -1.5475       -4.263        -4.263        
21            21            -0.359        -2.3229       -2.6819       -2.6819       
22            22            +5.9338       -0.1302       +5.8036       +5.8036       
23            23            +6.8654       -1.6549       +5.2105       +5.2105       
24            24            +3.4736       -0.8528       +2.6208       +2.6208       
25            25            +1.8868       -0.1244       +1.7624       +1.7624       
26            26            +2.4649       -0.0646       +2.4003       +2.4003       
27            27            +3.4788       -0.026        +3.4528       +3.4528       
28            28            +0.1262       -0.0556       +0.0706       +0.0706       
29            29            +1.1429       -0.0629       +1.08         +1.08         
30            30            -0.0195       -0.0004       -0.0199       -0.0199       
31            31            +5.6393       -0.048        +5.5913       +5.5913       
32            32            +1.4533       -0.0086       +1.4447       +1.4447       
33            33            +3.0967       -0.0656       +3.0311       +3.0311       
34            34            +7.8596       -0.2133       +7.6463       +7.6463       
35            35            +3.0449       -0.0691       +2.9758       +2.9758       
36            36            +5.9907       -0.3379       +5.6528       +5.6528       
37            37            +4.9469       -0.6202       +4.3267       +4.3267       
38            38            +0.1788       -0.412        -0.2332       -0.2332       
39            39            +3.6884       -0.1267       +3.5617       +3.5617       
40            40            +4.3816       -0.0248       +4.3568       +4.3568       
41            41            -0.4586       -0.0365       -0.4951       -0.4951       
42            42            +7.3796       -0.1333       +7.2463       +7.2463       
43            43            +6.6706       -0.1216       +6.549        +6.549        
44            44            +5.7761       -0.0722       +5.7039       +5.7039       
45            45            +3.2717       -0.0635       +3.2082       +3.2082       
46            46            +1.7795       -0.055        +1.7245       +1.7245       
47            47            +6.1865       -0.3097       +5.8768       +5.8768       
48            48            +3.9885       -0.3609       +3.6276       +3.6276       
49            49            +0.0672       -0.2069       -0.1397       -0.1397       
50            50            +0.9558       -0.263        +0.6928       +0.6928       
51            51            +3.9366       -0.0636       +3.873        +3.873        
52            52            +4.5574       -0.2023       +4.3551       +4.3551       
53            53            +7.9855       -0.1612       +7.8243       +7.8243       
54            54            -3.6054       -0.245        -3.8504       -3.8504       
55            55            +2.1965       -0.0346       +2.1619       +2.1619       
56            56            +2.0839       -0.0565       +2.0274       +2.0274       
57            57            +3.3618       -0.0273       +3.3345       +3.3345       
58            58            +6.3917       -0.0622       +6.3295       +6.3295       
59            59            +5.9723       -0.0735       +5.8988       +5.8988       
60            60            +3.933        -0.0528       +3.8802       +3.8802       
61            61            +2.8675       -0.0427       +2.8248       +2.8248       
62            62            +2.3933       -0.0244       +2.3689       +2.3689       
63            63            +1.6949       -0.0246       +1.6703       +1.6703       
64            64            +0.5268       -0.0438       +0.483        +0.483        
65            65            -14.4088      +0.183        -14.2258      -14.2258      
66            66            +5.8986       -0.3605       +5.5381       +5.5381       
67            67            +4.2831       -1.3704       +2.9127       +2.9127       
68            68            +3.4459       -0.1609       +3.285        +3.285        
69            69            +0.942        -0.0194       +0.9226       +0.9226       
70            70            +3.3088       -0.0705       +3.2383       +3.2383       
71            71            +0.3257       -0.0008       +0.3249       +0.3249       
72            72            -0.0075       -0.001        -0.0085       -0.0085       
73            73            +2.41         -0.0175       +2.3925       +2.3925       
74            74            +1.3402       -0.0121       +1.3281       +1.3281       
75            75            +0.1677       -0.0082       +0.1595       +0.1595       
76            76            +0.7792       -0.011        +0.7682       +0.7682       
77            77            +2.6434       -0.0324       +2.611        +2.611        
78            78            +2.302        -0.0382       +2.2638       +2.2638       
79            79            +3.2151       -0.022        +3.1931       +3.1931       
80            80            +2.2573       -0.0476       +2.2097       +2.2097       
81            81            +1.0526       -0.0397       +1.0129       +1.0129       
82            82            +1.6769       -0.0282       +1.6487       +1.6487       
83            83            +0.5461       -0.0371       +0.509        +0.509        
84            84            +0.9375       -0.0976       +0.8399       +0.8399       
85            85            +0.8293       -0.1475       +0.6818       +0.6818       
86            86            +5.1768       -0.1272       +5.0496       +5.0496       
87            87            +5.307        -0.1621       +5.1449       +5.1449       
88            88            +3.6203       -0.1726       +3.4477       +3.4477       
89            89            +6.1258       -0.208        +5.9178       +5.9178       
90            90            +3.3521       -0.2033       +3.1488       +3.1488       
91            91            +5.2133       -0.2679       +4.9454       +4.9454       
92            92            +3.5499       -0.2673       +3.2826       +3.2826       
93            93            +2.0922       -0.091        +2.0012       +2.0012       
94            94            +1.8378       -0.3828       +1.455        +1.455        
95            95            +3.5038       -0.2154       +3.2884       +3.2884       
96            96            +1.9503       -0.1301       +1.8202       +1.8202       
97            97            +6.4653       -0.1356       +6.3297       +6.3297       
98            98            +6.128        -0.1313       +5.9967       +5.9967       
99            99            +4.4895       -0.151        +4.3385       +4.3385       
100           100           +1.9611       -0.1713       +1.7898       +1.7898       
101           101           +3.4354       -0.1247       +3.3107       +3.3107       
102           102           +6.7168       -0.2084       +6.5084       +6.5084       
103           103           +5.476        -0.2517       +5.2243       +5.2243       
104           104           +6.1991       -0.2857       +5.9134       +5.9134       
105           105           +4.8976       -0.2609       +4.6367       +4.6367       
106           106           +3.0211       -0.1522       +2.8689       +2.8689       
107           107           +4.3736       -0.2373       +4.1363       +4.1363       
108           108           +5.6168       -0.3847       +5.2321       +5.2321       
109           109           +7.6319       -0.2148       +7.4171       +7.4171       
110           110           +3.0566       -0.0254       +3.0312       +3.0312       
111           111           +7.3391       -0.0621       +7.277        +7.277        
112           112           +7.9225       -0.1355       +7.787        +7.787        
113           113           +12.1152      -0.8578       +11.2574      +11.2574      
114           114           +6.8944       -0.2002       +6.6942       +6.6942       
115           115           +9.6787       -0.5001       +9.1786       +9.1786       
116           116           +8.459        -0.5806       +7.8784       +7.8784       
117           117           +7.6071       -0.2253       +7.3818       +7.3818       
118           118           +3.3756       -0.1693       +3.2063       +3.2063       
119           119           +6.5485       -0.1402       +6.4083       +6.4083       
120           120           +2.0768       -0.0873       +1.9895       +1.9895       
121           121           +0.641        -0.015        +0.626        +0.626        
122           122           +7.1434       -0.1617       +6.9817       +6.9817       
123           123           +9.1243       -0.2315       +8.8928       +8.8928       
124           124           +5.8342       -0.1446       +5.6896       +5.6896       
125           125           +7.3045       -0.1936       +7.1109       +7.1109       
126           126           +7.0852       -0.1571       +6.9281       +6.9281       
127           127           +2.4036       -0.2097       +2.1939       +2.1939       
128           128           +6.8405       -0.302        +6.5385       +6.5385       
129           129           +4.3276       -0.3314       +3.9962       +3.9962       
130           130           +7.6156       -0.4341       +7.1815       +7.1815       
131           131           +5.1523       -0.3172       +4.8351       +4.8351       
132           132           +6.6001       -0.1203       +6.4798       +6.4798       
133           133           +3.4886       -0.051        +3.4376       +3.4376       
134           134           +7.2515       -0.0781       +7.1734       +7.1734       
135           135           +9.6369       -0.2983       +9.3386       +9.3386       
136           136           +0.4791       -0.6175       -0.1384       -0.1384       
137           137           +11.8602      -0.7429       +11.1173      +11.1173      
138           138           +3.111        -0.1097       +3.0013       +3.0013       
139           139           +8.4546       -0.4727       +7.9819       +7.9819       
140           140           +3.1814       -0.2451       +2.9363       +2.9363       
141           141           +2.8222       -0.2051       +2.6171       +2.6171       
142           142           +5.1163       -0.0873       +5.029        +5.029        
143           143           +2.2889       -0.4007       +1.8882       +1.8882       
144           144           -2.3218       -1.1681       -3.4899       -3.4899       
145           145           +0.3917       -1.6721       -1.2804       -1.2804       
146           146           +1.7989       -0.2708       +1.5281       +1.5281       
147           147           +8.7396       -0.7382       +8.0014       +8.0014       
148           148           +8.9226       -0.6233       +8.2993       +8.2993       
149           149           +18.168       -0.9909       +17.1771      +17.1771      
150           150           +1.8263       -0.3536       +1.4727       +1.4727       
151           151           +4.9715       -0.1384       +4.8331       +4.8331       
152           152           +11.5109      -0.5715       +10.9394      +10.9394      
153           153           +2.438        -0.1499       +2.2881       +2.2881       
154           154           +5.5635       -0.2225       +5.341        +5.341        
155           155           +4.6237       -0.1855       +4.4382       +4.4382       
156           156           +0.2276       -0.1317       +0.0959       +0.0959       
157           157           -0.1244       -0.0071       -0.1315       -0.1315       
158           158           +0.5664       -0.006        +0.5604       +0.5604       
159           159           +2.3523       -0.186        +2.1663       +2.1663       
160           160           +2.214        -0.3603       +1.8537       +1.8537       
161           161           +1.511        -0.2673       +1.2437       +1.2437       
162           162           +0.4564       -0.3178       +0.1386       +0.1386       
163           163           +0.1017       -0.2267       -0.125        -0.125        
164           164           +0.6077       -0.3034       +0.3043       +0.3043       
165           165           +2.0318       -0.1699       +1.8619       +1.8619       
166           166           +3.4488       -0.3197       +3.1291       +3.1291       
167           167           +1.5201       -0.323        +1.1971       +1.1971       
168           168           -1.2106       -0.3418       -1.5524       -1.5524       
169           169           -1.1745       -0.2969       -1.4714       -1.4714       
170           170           -0.4892       -0.3059       -0.7951       -0.7951       
171           171           -2.7068       -0.4034       -3.1102       -3.1102       
172           172           -0.8048       -0.2083       -1.0131       -1.0131       
173           173           -0.7554       -0.6101       -1.3655       -1.3655       
174           174           -1.4381       -0.2733       -1.7114       -1.7114       
175           175           +0.1044       -0.1959       -0.0915       -0.0915       
176           176           +0.3587       -0.2522       +0.1065       +0.1065       
177           177           +2.4702       -0.3123       +2.1579       +2.1579       
178           178           -1.3096       -0.1232       -1.4328       -1.4328       
179           179           +4.0222       -0.3072       +3.715        +3.715        
180           180           +2.5163       -0.4528       +2.0635       +2.0635       
181           181           +3.1985       -0.2006       +2.9979       +2.9979       
182           182           +0.1105       -0.3726       -0.2621       -0.2621       
183           183           -0.8527       -0.3283       -1.181        -1.181        
184           184           +4.0242       -0.4385       +3.5857       +3.5857       
185           185           +1.1868       -0.3044       +0.8824       +0.8824       
186           186           +0.2574       -0.2604       -0.003        -0.003        
187           187           +0.5997       -0.1862       +0.4135       +0.4135       
188           188           +1.4309       -0.2549       +1.176        +1.176        
189           189           +3.3066       -0.2401       +3.0665       +3.0665       
190           190           -1.1506       -0.1249       -1.2755       -1.2755       
191           191           -0.1435       -0.3342       -0.4777       -0.4777       
192           192           +2.5612       -0.3281       +2.2331       +2.2331       
193           193           +0.9845       -0.249        +0.7355       +0.7355       
194           194           +1.172        -0.2937       +0.8783       +0.8783       
195           195           -0.0866       -0.3128       -0.3994       -0.3994       
196           196           +4.0668       -0.2279       +3.8389       +3.8389       
197           197           +4.1261       -0.2558       +3.8703       +3.8703       
198           198           +2.745        -0.1026       +2.6424       +2.6424       
199           199           +2.4325       -0.2979       +2.1346       +2.1346       
200           200           +2.6491       -0.192        +2.4571       +2.4571       
201           201           +0.2848       -0.2643       +0.0205       +0.0205       
202           202           +0.2084       -0.2223       -0.0139       -0.0139       
203           203           +2.0782       -0.1978       +1.8804       +1.8804       
204           204           +3.6818       -0.2635       +3.4183       +3.4183       
205           205           +2.4794       -0.2459       +2.2335       +2.2335       
206           206           +3.6203       -0.1658       +3.4545       +3.4545       
207           207           +2.3889       -0.3373       +2.0516       +2.0516       
208           208           -0.249        -0.274        -0.523        -0.523        
209           209           +4.6438       -0.2935       +4.3503       +4.3503       
210           210           +1.9954       -0.1949       +1.8005       +1.8005       
211           211           +1.0481       -0.2485       +0.7996       +0.7996       
212           212           -0.071        -0.1274       -0.1984       -0.1984       
213           213           +1.6931       -0.1952       +1.4979       +1.4979       
214           214           +3.2499       -0.1466       +3.1033       +3.1033       
215           215           +3.2578       -0.3085       +2.9493       +2.9493       
216           216           +0.5479       -0.3087       +0.2392       +0.2392       
217           217           +3.391        -0.3147       +3.0763       +3.0763       
218           218           +0.3207       -0.4693       -0.1486       -0.1486       
219           219           +1.437        -0.2051       +1.2319       +1.2319       
220           220           +4.7478       -0.3223       +4.4255       +4.4255       
221           221           +3.9026       -0.2794       +3.6232       +3.6232       
222           222           -0.6648       -0.3441       -1.0089       -1.0089       
223           223           +1.6457       -0.2528       +1.3929       +1.3929       
224           224           +0.7326       -0.2506       +0.482        +0.482        
225           225           +0.8985       -0.2848       +0.6137       +0.6137       
226           226           +1.721        -0.2884       +1.4326       +1.4326       
227           227           +0.9377       -0.2234       +0.7143       +0.7143       
228           228           +1.7211       -0.2989       +1.4222       +1.4222       
229           229           +2.3067       -0.3441       +1.9626       +1.9626       
230           230           +3.3379       -0.2356       +3.1023       +3.1023       
231           231           -1.9704       -0.3527       -2.3231       -2.3231       
232           232           +3.316        -0.2481       +3.0679       +3.0679       
233           233           +1.5127       -0.3237       +1.189        +1.189        
234           234           +3.014        -0.4189       +2.5951       +2.5951       
235           235           -1.869        -0.35         -2.219        -2.219        
236           236           +2.2258       -0.3673       +1.8585       +1.8585       
237           237           -0.4285       -0.4929       -0.9214       -0.9214       
238           238           -0.303        -0.3835       -0.6865       -0.6865       
239           239           +1.6099       -0.2602       +1.3497       +1.3497       
240           240           +0.62         -0.318        +0.302        +0.302        
241           241           +1.7246       -0.1943       +1.5303       +1.5303       
242           242           -0.9685       -0.2565       -1.225        -1.225        
243           243           -0.6316       -0.3734       -1.005        -1.005        
244           244           -0.8216       -0.2259       -1.0475       -1.0475       
245           245           +0.3628       -0.2442       +0.1186       +0.1186       
246           246           +4.3055       -0.2066       +4.0989       +4.0989       
247           247           -5.4815       -0.4712       -5.9527       -5.9527       
248           248           +0.6599       -0.3964       +0.2635       +0.2635       
249           249           +1.0229       -0.194        +0.8289       +0.8289       
250           250           -0.5116       -0.2631       -0.7747       -0.7747       
251           251           +0.0542       -0.1888       -0.1346       -0.1346       
252           252           +3.8508       -0.2777       +3.5731       +3.5731       
253           253           +0.7483       -0.2          +0.5483       +0.5483       
254           254           +2.848        -0.2477       +2.6003       +2.6003       
255           255           +1.4957       -0.2029       +1.2928       +1.2928       
256           256           +2.9597       -0.2674       +2.6923       +2.6923       
257           257           +2.2548       -0.2868       +1.968        +1.968        
258           258           -2.9615       -0.404        -3.3655       -3.3655       
259           259           -1.2007       -0.2528       -1.4535       -1.4535       
260           260           -2.9015       -0.3919       -3.2934       -3.2934       
261           261           -0.4952       -0.2126       -0.7078       -0.7078       
262           262           -1.283        -0.3723       -1.6553       -1.6553       
263           263           +0.4231       -0.4569       -0.0338       -0.0338       
264           264           +1.0003       -0.2504       +0.7499       +0.7499       
265           265           -1.7832       -0.587        -2.3702       -2.3702       
266           266           +0.8887       -0.5534       +0.3353       +0.3353       
267           267           +2.859        -0.3172       +2.5418       +2.5418       
268           268           -0.0374       -0.4058       -0.4432       -0.4432       
269           269           -1.1195       -0.8419       -1.9614       -1.9614       
270           270           +1.1199       -0.4179       +0.702        +0.702        
271           271           -2.2383       -0.4108       -2.6491       -2.6491       
272           272           -1.6736       -0.6527       -2.3263       -2.3263       
273           273           -1.2797       -0.536        -1.8157       -1.8157       
274           274           +0.0061       -0.1239       -0.1178       -0.1178       
275           275           +1.5696       -0.2959       +1.2737       +1.2737       
276           276           -0.5446       -0.5302       -1.0748       -1.0748       
277           277           +1.4006       -0.4729       +0.9277       +0.9277       
278           278           -3.0111       -0.4016       -3.4127       -3.4127       
279           279           -0.8961       -0.1859       -1.082        -1.082        
280           280           +0.422        -0.2849       +0.1371       +0.1371       
281           281           -0.8651       -0.3405       -1.2056       -1.2056       
282           282           -0.5643       -0.1929       -0.7572       -0.7572       
283           283           +0.8647       -0.227        +0.6377       +0.6377       
284           284           +1.3742       -0.1315       +1.2427       +1.2427       
285           285           -0.307        -0.2129       -0.5199       -0.5199       
286           286           +1.7215       -0.2352       +1.4863       +1.4863       
287           287           +0.7042       -0.2377       +0.4665       +0.4665       
288           288           -1.8523       -0.3225       -2.1748       -2.1748       
289           289           +0.1682       -0.178        -0.0098       -0.0098       
290           290           +0.9088       -0.4126       +0.4962       +0.4962       
291           291           +4.0507       -0.2983       +3.7524       +3.7524       
292           292           +0.2626       -0.2169       +0.0457       +0.0457       
293           293           +0.3913       -0.3923       -0.001        -0.001        
294           294           +1.076        -0.3743       +0.7017       +0.7017       
295           295           +1.9348       -0.3553       +1.5795       +1.5795       
296           296           +1.8172       -0.4135       +1.4037       +1.4037       
297           297           -0.1006       -0.2427       -0.3433       -0.3433       
298           298           +0.7173       -0.3735       +0.3438       +0.3438       
299           299           +0.1459       -0.4261       -0.2802       -0.2802       
300           300           -1.7847       -0.3213       -2.106        -2.106        
301           301           +2.1705       -0.4262       +1.7443       +1.7443       
302           302           +3.4203       -0.5987       +2.8216       +2.8216       
303           303           +0.4264       -0.7883       -0.3619       -0.3619       
304           304           +1.2319       -0.8275       +0.4044       +0.4044       
305           305           +0.4951       -0.3658       +0.1293       +0.1293       
306           306           -0.8342       -0.7302       -1.5644       -1.5644       
307           307           -1.1262       -0.6427       -1.7689       -1.7689       
308           308           -1.5632       -0.42         -1.9832       -1.9832       
309           309           +0.9138       -0.4791       +0.4347       +0.4347       
310           310           +0.8443       -0.4875       +0.3568       +0.3568       
311           311           -0.2119       -0.4015       -0.6134       -0.6134       
312           312           +2.3086       -0.169        +2.1396       +2.1396       
313           313           +1.1885       -0.255        +0.9335       +0.9335       
314           314           +0.0194       -0.3787       -0.3593       -0.3593       
315           315           +2.2053       -0.6624       +1.5429       +1.5429       
316           316           +1.6014       -0.6485       +0.9529       +0.9529       
317           317           +3.8231       -0.2579       +3.5652       +3.5652       
318           318           -4.3494       -3.1584       -7.5078       -7.5078       
319           319           +1.667        -0.6516       +1.0154       +1.0154       
320           320           +2.3309       -0.8896       +1.4413       +1.4413       
321           321           -6.7974       -2.7482       -9.5456       -9.5456       
322           322           -13.7313      +1.1235       -12.6078      -12.6078      
323           323           +0.3567       -0.7846       -0.4279       -0.4279       
324           324           +0.801        -0.7422       +0.0588       +0.0588       
325           325           +3.0516       -0.2254       +2.8262       +2.8262       
326           326           -9.1765       -1.0275       -10.204       -10.204       
327           327           +1.6617       -0.429        +1.2327       +1.2327       
328           328           -0.0226       -0.567        -0.5896       -0.5896       
329           329           +3.0534       -0.5754       +2.478        +2.478        
330           330           -0.8768       -0.5677       -1.4445       -1.4445       
331           331           +2.8677       -0.7438       +2.1239       +2.1239       
332           332           +2.5228       -0.2053       +2.3175       +2.3175       
333           333           +1.3668       -0.4283       +0.9385       +0.9385       
334           334           +2.3058       -0.57         +1.7358       +1.7358       
335           335           +2.1593       -0.3022       +1.8571       +1.8571       
336           336           +0.3119       -0.4091       -0.0972       -0.0972       
337           337           +3.7339       -2.2972       +1.4367       +1.4367       
338           338           +2.2746       -0.4288       +1.8458       +1.8458       
339           339           -2.9609       -0.4982       -3.4591       -3.4591       
