Frame         Time          Elec          VdW           Nonbond       Total         
0             0             +0.0047       -0            +0.0047       +0.0047       
1             1             +0.0396       -0.0024       +0.0372       +0.0372       
2             2             -0.0528       -0.0012       -0.054        -0.054        
3             3             -0.0015       -0.0001       -0.0016       -0.0016       
4             4             +0.0095       -0.0007       +0.0088       +0.0088       
5             5             +0.0236       -0.0001       +0.0235       +0.0235       
6             6             +0.0223       -0.0006       +0.0217       +0.0217       
7             7             +0.0738       -0.0002       +0.0736       +0.0736       
8             8             +0.0272       -0.0001       +0.0271       +0.0271       
9             9             -0.0196       -0.0003       -0.0199       -0.0199       
10            10            +0.0207       -0.0006       +0.0201       +0.0201       
11            11            +0.0007       -0.0001       +0.0006       +0.0006       
12            12            -0.036        -0.0009       -0.0369       -0.0369       
13            13            +0.0177       -0.0011       +0.0166       +0.0166       
14            14            +0.0242       -0.0001       +0.0241       +0.0241       
15            15            +0.0446       -0.0003       +0.0443       +0.0443       
16            16            -0.0128       -0.0004       -0.0132       -0.0132       
17            17            +0.0172       -0            +0.0172       +0.0172       
18            18            +0.0259       -0            +0.0259       +0.0259       
19            19            +0.0496       -0            +0.0496       +0.0496       
20            20            +0            +0            +0            +0            
21            21            +0            +0            +0            +0            
22            22            +0            +0            +0            +0            
23            23            +0            +0            +0            +0            
24            24            +0            +0            +0            +0            
25            25            +0            +0            +0            +0            
26            26            +0            +0            +0            +0            
27            27            +0.0022       -0            +0.0022       +0.0022       
28            28            +0.081        -0.0001       +0.0809       +0.0809       
29            29            +0.0208       -0            +0.0208       +0.0208       
30            30            +0.0349       -0            +0.0349       +0.0349       
31            31            +0.0127       -0.0002       +0.0125       +0.0125       
32            32            +0.0299       -0            +0.0299       +0.0299       
33            33            +0.0205       -0            +0.0205       +0.0205       
34            34            +0.0021       -0.0012       +0.0009       +0.0009       
35            35            +0.1102       -0.0007       +0.1095       +0.1095       
36            36            +0.0185       -0.002        +0.0165       +0.0165       
37            37            +0.0079       -0.0027       +0.0052       +0.0052       
38            38            +0.0403       -0.0005       +0.0398       +0.0398       
39            39            +0.0857       -0.0005       +0.0852       +0.0852       
40            40            +0.0674       -0.0003       +0.0671       +0.0671       
41            41            -0.0401       -0.0011       -0.0412       -0.0412       
42            42            -0.0068       -0.0015       -0.0083       -0.0083       
43            43            +0.0004       -0.0007       -0.0003       -0.0003       
44            44            +0.0902       -0.0004       +0.0898       +0.0898       
45            45            +0.1126       -0.0009       +0.1117       +0.1117       
46            46            +0.0466       -0.0004       +0.0462       +0.0462       
47            47            +0.0004       -0.0003       +0.0001       +0.0001       
48            48            +0.0196       -0.0002       +0.0194       +0.0194       
49            49            +0.0039       -0            +0.0039       +0.0039       
50            50            +0.0058       -0.0007       +0.0051       +0.0051       
51            51            -0.079        -0.0011       -0.0801       -0.0801       
52            52            +0.0117       -0.0013       +0.0104       +0.0104       
53            53            -0.0725       -0.0009       -0.0734       -0.0734       
54            54            -0.0524       -0.0003       -0.0527       -0.0527       
55            55            +0.0554       -0.0011       +0.0543       +0.0543       
56            56            -0.1393       -0.0034       -0.1427       -0.1427       
57            57            -0.0833       -0.0019       -0.0852       -0.0852       
58            58            -0.0493       -0.0022       -0.0515       -0.0515       
59            59            -0.1664       -0.0036       -0.17         -0.17         
60            60            -0.0752       -0.002        -0.0772       -0.0772       
61            61            +0.1833       -0.0002       +0.1831       +0.1831       
62            62            +0.0973       -0.0005       +0.0968       +0.0968       
63            63            +0.0414       -0.0006       +0.0408       +0.0408       
64            64            +0.0638       -0.0013       +0.0625       +0.0625       
65            65            -0.0941       -0.0031       -0.0972       -0.0972       
66            66            -0.0175       -0.0002       -0.0177       -0.0177       
67            67            +0.0014       -0.0001       +0.0013       +0.0013       
68            68            +0.0258       -0            +0.0258       +0.0258       
69            69            -0.0027       -0.0006       -0.0033       -0.0033       
70            70            +0            +0            +0            +0            
71            71            +0            +0            +0            +0            
72            72            +0            +0            +0            +0            
73            73            +0            +0            +0            +0            
74            74            +0.0063       -0            +0.0063       +0.0063       
75            75            +0.0071       -0            +0.0071       +0.0071       
76            76            +0            +0            +0            +0            
77            77            +0.0108       -0.0016       +0.0092       +0.0092       
78            78            +0.0351       -0            +0.0351       +0.0351       
79            79            +0.0185       -0            +0.0185       +0.0185       
80            80            +0.0217       -0            +0.0217       +0.0217       
81            81            +0            +0            +0            +0            
82            82            -0.0029       -0.0017       -0.0046       -0.0046       
83            83            +0            +0            +0            +0            
84            84            +0            +0            +0            +0            
85            85            +0            +0            +0            +0            
86            86            +0.0012       -0            +0.0012       +0.0012       
87            87            +0.0062       -0            +0.0062       +0.0062       
88            88            +0.0112       -0            +0.0112       +0.0112       
89            89            +0.0401       -0            +0.0401       +0.0401       
90            90            +0.0133       -0            +0.0133       +0.0133       
91            91            +0.0007       -0            +0.0007       +0.0007       
92            92            +0.0002       -0            +0.0002       +0.0002       
93            93            +0.0106       -0            +0.0106       +0.0106       
94            94            +0.0015       -0            +0.0015       +0.0015       
95            95            +0.0765       -0            +0.0765       +0.0765       
96            96            +0.0122       -0            +0.0122       +0.0122       
97            97            +0.0117       -0            +0.0117       +0.0117       
98            98            +0.009        -0            +0.009        +0.009        
99            99            +0.0096       -0            +0.0096       +0.0096       
100           100           +0.0219       -0            +0.0219       +0.0219       
101           101           +0.0002       -0            +0.0002       +0.0002       
102           102           +0.0126       -0.0001       +0.0125       +0.0125       
103           103           +0            +0            +0            +0            
104           104           +0.0279       -0.0001       +0.0278       +0.0278       
105           105           +0.0029       -0.0001       +0.0028       +0.0028       
106           106           +0.0002       -0            +0.0002       +0.0002       
107           107           +0.0181       -0.0001       +0.018        +0.018        
108           108           +0.0117       -0            +0.0117       +0.0117       
109           109           +0.0582       -0            +0.0582       +0.0582       
110           110           +0.0848       -0.0002       +0.0846       +0.0846       
111           111           +0            +0            +0            +0            
112           112           +0.0354       -0.0001       +0.0353       +0.0353       
113           113           +0.0014       -0            +0.0014       +0.0014       
114           114           +0.0064       -0.0001       +0.0063       +0.0063       
115           115           +0.0256       -0            +0.0256       +0.0256       
116           116           +0.0201       -0.0001       +0.02         +0.02         
117           117           -0.015        -0.0001       -0.0151       -0.0151       
118           118           +0.0109       -0            +0.0109       +0.0109       
119           119           -0.0228       -0.0001       -0.0229       -0.0229       
120           120           +0.014        -0            +0.014        +0.014        
121           121           +0.0112       -0            +0.0112       +0.0112       
122           122           +0.013        -0.0001       +0.0129       +0.0129       
123           123           +0.0099       -0            +0.0099       +0.0099       
124           124           +0.0036       -0.0002       +0.0034       +0.0034       
125           125           +0.0056       -0.0001       +0.0055       +0.0055       
126           126           +0.0184       -0            +0.0184       +0.0184       
127           127           +0.0171       -0.0002       +0.0169       +0.0169       
128           128           +0.0101       -0            +0.0101       +0.0101       
129           129           +0.0158       -0.0001       +0.0157       +0.0157       
130           130           -0.0557       -0.0005       -0.0562       -0.0562       
131           131           +0.0109       -0            +0.0109       +0.0109       
132           132           +0.0034       -0.0001       +0.0033       +0.0033       
133           133           +0.0041       -0            +0.0041       +0.0041       
134           134           +0.0044       -0            +0.0044       +0.0044       
135           135           -0.0112       -0.0006       -0.0118       -0.0118       
136           136           -0.0034       -0.0007       -0.0041       -0.0041       
137           137           -0.0201       -0.0002       -0.0203       -0.0203       
138           138           -0.0043       -0.0001       -0.0044       -0.0044       
139           139           +0.0025       -0            +0.0025       +0.0025       
140           140           +0.0242       -0            +0.0242       +0.0242       
141           141           +0.0085       -0            +0.0085       +0.0085       
142           142           +0.011        -0            +0.011        +0.011        
143           143           +0.0112       -0            +0.0112       +0.0112       
144           144           +0.0034       -0            +0.0034       +0.0034       
145           145           +0.0076       -0            +0.0076       +0.0076       
146           146           +0.0026       -0.0001       +0.0025       +0.0025       
147           147           +0.0168       -0.0001       +0.0167       +0.0167       
148           148           -0.0106       -0.0004       -0.011        -0.011        
149           149           +0.0032       -0.0001       +0.0031       +0.0031       
150           150           -0.003        -0.0002       -0.0032       -0.0032       
151           151           +0.0171       -0.0008       +0.0163       +0.0163       
152           152           -0.0244       -0.0015       -0.0259       -0.0259       
153           153           -0.0046       -0.0002       -0.0048       -0.0048       
154           154           +0.0609       -0.0003       +0.0606       +0.0606       
155           155           +0.0122       -0            +0.0122       +0.0122       
156           156           +0.0014       -0            +0.0014       +0.0014       
157           157           +0            +0            +0            +0            
158           158           +0            +0            +0            +0            
159           159           +0.006        -0            +0.006        +0.006        
160           160           +0.0108       -0            +0.0108       +0.0108       
161           161           +0            +0            +0            +0            
162           162           +0            +0            +0            +0            
163           163           +0            +0            +0            +0            
164           164           +0.0002       -0            +0.0002       +0.0002       
165           165           +0.0039       -0            +0.0039       +0.0039       
166           166           +0.013        -0            +0.013        +0.013        
167           167           +0.0093       -0            +0.0093       +0.0093       
168           168           +0.0005       -0            +0.0005       +0.0005       
169           169           +0            +0            +0            +0            
170           170           +0            +0            +0            +0            
171           171           +0            +0            +0            +0            
172           172           +0.0005       -0            +0.0005       +0.0005       
173           173           +0            +0            +0            +0            
174           174           +0            +0            +0            +0            
175           175           +0.0002       -0            +0.0002       +0.0002       
176           176           +0            +0            +0            +0            
177           177           +0            +0            +0            +0            
178           178           +0            +0            +0            +0            
179           179           +0.002        -0            +0.002        +0.002        
180           180           +0            +0            +0            +0            
181           181           +0.0031       -0            +0.0031       +0.0031       
182           182           +0            +0            +0            +0            
183           183           +0            +0            +0            +0            
184           184           +0            +0            +0            +0            
185           185           +0            +0            +0            +0            
186           186           +0            +0            +0            +0            
187           187           +0            +0            +0            +0            
188           188           +0.0089       -0            +0.0089       +0.0089       
189           189           +0            +0            +0            +0            
190           190           +0.0204       -0            +0.0204       +0.0204       
191           191           +0            +0            +0            +0            
192           192           +0            +0            +0            +0            
193           193           +0.0146       -0            +0.0146       +0.0146       
194           194           +0            +0            +0            +0            
195           195           +0.0018       -0            +0.0018       +0.0018       
196           196           +0            +0            +0            +0            
197           197           +0.0006       -0            +0.0006       +0.0006       
198           198           +0            +0            +0            +0            
199           199           +0.0006       -0            +0.0006       +0.0006       
200           200           +0.006        -0            +0.006        +0.006        
201           201           +0.0031       -0            +0.0031       +0.0031       
202           202           +0.0008       -0            +0.0008       +0.0008       
203           203           +0            +0            +0            +0            
204           204           +0.0011       -0            +0.0011       +0.0011       
205           205           +0.0086       -0            +0.0086       +0.0086       
206           206           +0.0011       -0            +0.0011       +0.0011       
207           207           +0.0063       -0            +0.0063       +0.0063       
208           208           +0.016        -0            +0.016        +0.016        
209           209           +0.0031       -0            +0.0031       +0.0031       
210           210           +0.0054       -0            +0.0054       +0.0054       
211           211           +0            +0            +0            +0            
212           212           +0.0053       -0            +0.0053       +0.0053       
213           213           +0.0047       -0            +0.0047       +0.0047       
214           214           +0.0027       -0            +0.0027       +0.0027       
215           215           +0            +0            +0            +0            
216           216           -0.0056       -0            -0.0056       -0.0056       
217           217           +0.003        -0            +0.003        +0.003        
218           218           +0.0016       -0            +0.0016       +0.0016       
219           219           +0.0002       -0            +0.0002       +0.0002       
220           220           +0.0154       -0            +0.0154       +0.0154       
221           221           +0.0034       -0            +0.0034       +0.0034       
222           222           +0.0086       -0            +0.0086       +0.0086       
223           223           +0.0007       -0            +0.0007       +0.0007       
224           224           -0.0594       -0.0001       -0.0595       -0.0595       
225           225           +0.0031       -0.0001       +0.003        +0.003        
226           226           -0.0024       -0.0001       -0.0025       -0.0025       
227           227           +0.023        -0            +0.023        +0.023        
228           228           +0.0118       -0            +0.0118       +0.0118       
229           229           +0.0095       -0            +0.0095       +0.0095       
230           230           +0.0118       -0            +0.0118       +0.0118       
231           231           +0.0125       -0.0002       +0.0123       +0.0123       
232           232           +0.0004       -0            +0.0004       +0.0004       
233           233           +0.0004       -0            +0.0004       +0.0004       
234           234           +0.0024       -0.0002       +0.0022       +0.0022       
235           235           +0            +0            +0            +0            
236           236           +0.0122       -0            +0.0122       +0.0122       
237           237           +0.0063       -0.0001       +0.0062       +0.0062       
238           238           +0.011        -0            +0.011        +0.011        
239           239           +0.0018       -0            +0.0018       +0.0018       
240           240           +0.007        -0            +0.007        +0.007        
241           241           -0.0116       -0            -0.0116       -0.0116       
242           242           -0.0107       -0.0002       -0.0109       -0.0109       
243           243           +0.0073       -0.0001       +0.0072       +0.0072       
244           244           +0.011        -0            +0.011        +0.011        
245           245           +0.0144       -0.0001       +0.0143       +0.0143       
246           246           +0.0136       -0            +0.0136       +0.0136       
247           247           +0.0087       -0            +0.0087       +0.0087       
248           248           -0.0285       -0            -0.0285       -0.0285       
249           249           -0.0464       -0.0003       -0.0467       -0.0467       
250           250           +0.0021       -0            +0.0021       +0.0021       
251           251           -0.0056       -0.0001       -0.0057       -0.0057       
252           252           -0.0261       -0.0003       -0.0264       -0.0264       
253           253           +0.0933       -0.0003       +0.093        +0.093        
254           254           -0.0198       -0.0002       -0.02         -0.02         
255           255           +0.0084       -0.0001       +0.0083       +0.0083       
256           256           -0.0295       -0.0008       -0.0303       -0.0303       
257           257           +0.01         -0            +0.01         +0.01         
258           258           -0.0503       -0.0008       -0.0511       -0.0511       
259           259           +0.0037       -0.0135       -0.0098       -0.0098       
260           260           -0.0433       -0.0092       -0.0525       -0.0525       
261           261           -0.0452       -0.0042       -0.0494       -0.0494       
262           262           -0.0723       -0.0096       -0.0819       -0.0819       
263           263           -0.0464       -0.0018       -0.0482       -0.0482       
264           264           -0.0461       -0.008        -0.0541       -0.0541       
265           265           -0.085        -0.0016       -0.0866       -0.0866       
266           266           -0.0908       -0.007        -0.0978       -0.0978       
267           267           -0.0555       -0.0103       -0.0658       -0.0658       
268           268           -0.034        -0.0045       -0.0385       -0.0385       
269           269           +0.0282       -0.0009       +0.0273       +0.0273       
270           270           -0.0154       -0.0002       -0.0156       -0.0156       
271           271           -0.0636       -0.0014       -0.065        -0.065        
272           272           -0.0641       -0.0009       -0.065        -0.065        
273           273           +0.0019       -0            +0.0019       +0.0019       
274           274           +0.0273       -0            +0.0273       +0.0273       
275           275           +0.0191       -0            +0.0191       +0.0191       
276           276           +0.0156       -0            +0.0156       +0.0156       
277           277           -0.1303       -0.0054       -0.1357       -0.1357       
278           278           -0.0327       -0.0001       -0.0328       -0.0328       
279           279           -0.0477       -0.0027       -0.0504       -0.0504       
280           280           -0.1339       -0.0019       -0.1358       -0.1358       
281           281           -0.0469       -0.0009       -0.0478       -0.0478       
282           282           -0.0519       -0.0102       -0.0621       -0.0621       
283           283           -0.0612       -0.0025       -0.0637       -0.0637       
284           284           -0.0278       -0.0125       -0.0403       -0.0403       
285           285           -0.1103       -0.003        -0.1133       -0.1133       
286           286           -0.0723       -0.0018       -0.0741       -0.0741       
287           287           -0.0184       -0.0005       -0.0189       -0.0189       
288           288           +0            +0            +0            +0            
289           289           -0.087        -0.0021       -0.0891       -0.0891       
290           290           +0.0097       -0.0003       +0.0094       +0.0094       
291           291           +0.0078       -0            +0.0078       +0.0078       
292           292           +0.0074       -0.0001       +0.0073       +0.0073       
293           293           +0            +0            +0            +0            
294           294           +0            +0            +0            +0            
295           295           +0            +0            +0            +0            
296           296           +0            +0            +0            +0            
297           297           +0            +0            +0            +0            
298           298           +0            +0            +0            +0            
299           299           +0            +0            +0            +0            
300           300           +0            +0            +0            +0            
301           301           +0            +0            +0            +0            
302           302           +0            +0            +0            +0            
303           303           +0            +0            +0            +0            
304           304           +0            +0            +0            +0            
305           305           +0            +0            +0            +0            
306           306           +0            +0            +0            +0            
307           307           +0            +0            +0            +0            
308           308           +0            +0            +0            +0            
309           309           +0            +0            +0            +0            
310           310           +0            +0            +0            +0            
311           311           +0            +0            +0            +0            
312           312           +0            +0            +0            +0            
313           313           +0            +0            +0            +0            
314           314           +0            +0            +0            +0            
315           315           +0            +0            +0            +0            
316           316           +0            +0            +0            +0            
317           317           +0            +0            +0            +0            
318           318           +0            +0            +0            +0            
319           319           +0            +0            +0            +0            
320           320           +0            +0            +0            +0            
321           321           +0            +0            +0            +0            
322           322           +0            +0            +0            +0            
323           323           +0            +0            +0            +0            
324           324           +0            +0            +0            +0            
325           325           +0            +0            +0            +0            
326           326           +0            +0            +0            +0            
327           327           +0            +0            +0            +0            
328           328           +0            +0            +0            +0            
329           329           +0            +0            +0            +0            
330           330           +0            +0            +0            +0            
331           331           +0            +0            +0            +0            
332           332           +0            +0            +0            +0            
333           333           +0            +0            +0            +0            
334           334           +0            +0            +0            +0            
335           335           +0            +0            +0            +0            
336           336           +0            +0            +0            +0            
337           337           +0            +0            +0            +0            
338           338           +0            +0            +0            +0            
339           339           +0            +0            +0            +0            
