Frame	Time	Elec	VdW	Nonbond
0	0	-601.453	-125.42	-726.873
1	0.2	-811.77	-127.332	-939.102
2	0.4	-549.242	-138.631	-687.873
3	0.6	-633.513	-125.626	-759.139
4	0.8	-712.144	-95.4966	-807.641
5	1	-718.424	-110.507	-828.931
6	1.2	-699.751	-112.904	-812.655
7	1.4	-730.32	-111.972	-842.292
8	1.6	-710.874	-100.677	-811.551
9	1.8	-758.524	-91.3541	-849.878
10	2	-647.451	-96.1787	-743.63
11	2.2	-615.729	-86.2434	-701.972
12	2.4	-609.409	-72.3771	-681.786
13	2.6	-624.774	-68.7757	-693.55
14	2.8	-791.93	-74.6481	-866.578
15	3	-596.317	-83.9051	-680.222
16	3.2	-555.821	-53.553	-609.374
17	3.4	-476.871	-47.0313	-523.903
18	3.6	-622.46	-56.9931	-679.453
19	3.8	-600.575	-52.326	-652.901
20	4	-741.806	-51.1043	-792.91
21	4.2	-838.906	-82.5697	-921.476
22	4.4	-1000.18	-75.2856	-1075.46
23	4.6	-901.366	-77.686	-979.052
24	4.8	-737.707	-67.4112	-805.118
25	5	-829.298	-59.4762	-888.775
26	5.2	-687.731	-44.4751	-732.207
27	5.4	-633.294	-42.6233	-675.917
28	5.6	-697.685	-52.6929	-750.378
29	5.8	-708.838	-58.2613	-767.099
30	6	-523.779	-62.3225	-586.102
31	6.2	-677.732	-47.3138	-725.046
32	6.4	-506.315	-56.1689	-562.484
33	6.6	-426.26	-41.6784	-467.938
34	6.8	-468.342	-60.0843	-528.426
35	7	-511.106	-72.1201	-583.226
36	7.2	-400.066	-49.3618	-449.428
37	7.4	-521.61	-36.8612	-558.471
38	7.6	-511.306	-33.7589	-545.065
39	7.8	-538.96	-56.7861	-595.746
40	8	-610.028	-58.835	-668.863
41	8.2	-482.154	-49.3217	-531.476
42	8.4	-447.918	-56.031	-503.949
43	8.6	-382.716	-36.8681	-419.584
44	8.8	-388.321	-60.6186	-448.94
45	9	-342.041	-62.845	-404.886
46	9.2	-474.292	-59.9742	-534.267
47	9.4	-514.712	-43.8037	-558.516
48	9.6	-516.035	-61.9797	-578.015
49	9.8	-535.061	-58.9372	-593.998
50	10	-566.933	-51.8754	-618.809
51	10.2	-639.437	-80.5436	-719.98
52	10.4	-616.41	-64.7193	-681.13
53	10.6	-588.176	-62.6636	-650.84
54	10.8	-610.265	-64.4662	-674.731
55	11	-666.46	-60.8626	-727.322
56	11.2	-714.541	-56.8002	-771.341
57	11.4	-681.972	-36.9737	-718.946
58	11.6	-706.116	-53.0221	-759.138
59	11.8	-675.626	-35.7824	-711.409
60	12	-597.413	-41.0077	-638.421
61	12.2	-499.436	-61.1756	-560.612
62	12.4	-395.538	-48.4358	-443.974
63	12.6	-384.969	-38.2337	-423.202
64	12.8	-319.074	-45.3379	-364.412
65	13	-416.215	-36.3579	-452.573
66	13.2	-311.41	-53.6354	-365.046
67	13.4	-352.738	-36.6575	-389.395
68	13.6	-261.385	-42.6962	-304.082
69	13.8	-344.472	-29.7175	-374.189
70	14	-462.902	-31.3202	-494.222
71	14.2	-419.399	-37.9626	-457.362
72	14.4	-225.572	-42.1295	-267.701
73	14.6	-304.49	-44.2541	-348.745
74	14.8	-348.735	-44.828	-393.563
75	15	-543.637	-35.0682	-578.705
76	15.2	-418.875	-31.1095	-449.985
77	15.4	-406.298	-35.5906	-441.888
78	15.6	-476.106	-24.5055	-500.611
79	15.8	-491.025	-25.0405	-516.066
80	16	-433.083	-46.4984	-479.581
81	16.2	-471.244	-40.9061	-512.15
82	16.4	-528.388	-56.9396	-585.327
83	16.6	-386.438	-51.9716	-438.409
84	16.8	-425.796	-59.8659	-485.662
85	17	-301.762	-47.594	-349.356
86	17.2	-437.332	-54.2361	-491.568
87	17.4	-479.928	-55.9517	-535.88
88	17.6	-550.181	-54.6463	-604.827
89	17.8	-523.386	-33.3895	-556.776
90	18	-337.961	-26.0155	-363.977
91	18.2	-241.946	-28.1396	-270.086
92	18.4	-286.237	-37.9105	-324.148
93	18.6	-289.688	-24.028	-313.717
94	18.8	-293.836	-48.0216	-341.857
95	19	-336.565	-50.9515	-387.516
96	19.2	-371.204	-41.1524	-412.357
97	19.4	-286.024	-34.3955	-320.419
98	19.6	-353.457	-28.8072	-382.264
99	19.8	-338.286	-24.9372	-363.224
100	20	-159.771	-21.9747	-181.746
101	20.2	-324.611	-32.7053	-357.316
102	20.4	-408.719	-37.8427	-446.562
103	20.6	-296.306	-25.4872	-321.793
104	20.8	-253.918	-24.2832	-278.201
105	21	-342.211	-33.4983	-375.71
106	21.2	-310.815	-35.8678	-346.683
107	21.4	-303.833	-25.9759	-329.809
108	21.6	-272.464	-27.546	-300.01
109	21.8	-178.141	-29.3798	-207.521
110	22	-223.618	-42.0406	-265.659
111	22.2	-355.594	-52.9374	-408.532
112	22.4	-335.522	-42.0697	-377.592
113	22.6	-334.877	-51.4474	-386.324
114	22.8	-396.435	-33.8231	-430.258
115	23	-484.577	-43.6964	-528.273
116	23.2	-371.591	-26.1266	-397.718
117	23.4	-261.487	-28.9021	-290.389
118	23.6	-358.498	-33.0559	-391.554
119	23.8	-369.63	-26.2206	-395.851
120	24	-355.104	-47.9104	-403.014
121	24.2	-310.183	-46.1585	-356.342
122	24.4	-545.695	-54.6402	-600.335
123	24.6	-521.615	-34.3466	-555.962
124	24.8	-459.027	-36.3329	-495.36
125	25	-202.071	-15.6893	-217.761
126	25.2	-165.149	-25.2305	-190.38
127	25.4	-397.806	-32.7665	-430.572
128	25.6	-408.532	-26.3176	-434.849
129	25.8	-451.923	-38.9741	-490.898
130	26	-346.591	-23.9066	-370.498
131	26.2	-270.635	-16.8498	-287.485
132	26.4	-227.715	-24.865	-252.581
133	26.6	-139.812	-35.9479	-175.76
134	26.8	-98.7464	-29.1045	-127.851
135	27	-177.89	-32.3447	-210.235
136	27.2	-316.564	-47.5852	-364.149
137	27.4	-322.012	-36.4613	-358.473
138	27.6	-367.596	-25.1008	-392.697
139	27.8	-408.567	-40.239	-448.806
140	28	-255.204	-45.4649	-300.669
141	28.2	-239.083	-33.4039	-272.487
142	28.4	-153.822	-18.5299	-172.352
143	28.6	-37.677	-12.3996	-50.0766
144	28.8	-22.734	-18.7886	-41.5226
145	29	-98.8421	-17.0598	-115.902
146	29.2	-161.363	-17.8038	-179.166
147	29.4	-249.138	-12.6495	-261.787
148	29.6	-266.712	-22.1608	-288.872
149	29.8	-264.07	-25.1025	-289.173
150	30	-224.5	-23.535	-248.035
151	30.2	-298.176	-28.6488	-326.825
152	30.4	-261.99	-25.9362	-287.926
153	30.6	-190.994	-38.2166	-229.211
154	30.8	-273.849	-30.9883	-304.837
155	31	-360.111	-43.0767	-403.187
156	31.2	-391.494	-36.8449	-428.339
157	31.4	-292.273	-33.405	-325.678
158	31.6	-344.791	-34.5739	-379.365
159	31.8	-199.623	-13.5552	-213.178
160	32	-333.689	-29.4755	-363.164
161	32.2	-341.364	-35.3906	-376.754
162	32.4	-263.201	-46.4791	-309.68
163	32.6	-354.051	-22.9851	-377.037
164	32.8	-278.303	-34.9506	-313.253
165	33	-214.88	-29.9121	-244.792
166	33.2	-301.772	-30.4944	-332.266
167	33.4	-233.798	-28.7809	-262.579
168	33.6	-371.369	-46.9043	-418.273
169	33.8	-285.033	-32.3131	-317.346
170	34	-171.704	-29.9109	-201.615
171	34.2	-180.19	-41.3939	-221.583
172	34.4	-129.426	-33.977	-163.403
173	34.6	-206.986	-35.8287	-242.814
174	34.8	-278.44	-36.241	-314.681
175	35	-205.428	-50.1756	-255.604
176	35.2	-146.499	-28.1647	-174.664
177	35.4	-152.353	-40.0678	-192.421
178	35.6	-133.779	-33.8827	-167.662
179	35.8	-306.074	-22.084	-328.158
180	36	-289.2	-30.7158	-319.916
181	36.2	-324.066	-31.4212	-355.487
182	36.4	-288.977	-34.6254	-323.603
183	36.6	-555.01	-44.589	-599.599
184	36.8	-446.132	-37.8688	-484.001
185	37	-486.032	-37.4686	-523.5
186	37.2	-332.822	-36.3151	-369.137
187	37.4	-387.468	-35.3547	-422.822
188	37.6	-452.796	-29.9091	-482.705
189	37.8	-435.967	-34.9435	-470.91
190	38	-467.41	-30.5096	-497.92
191	38.2	-558.942	-38.0351	-596.977
192	38.4	-543.073	-21.7888	-564.862
193	38.6	-472.071	-42.8908	-514.962
194	38.8	-594.335	-45.0675	-639.403
195	39	-779.731	-56.0684	-835.8
196	39.2	-708.196	-47.0714	-755.267
197	39.4	-528.506	-46.0861	-574.592
198	39.6	-344.423	-51.5808	-396.004
199	39.8	-464.421	-68.281	-532.702
200	40	-493.373	-41.5497	-534.923
201	40.2	-490.857	-61.5174	-552.375
202	40.4	-722.943	-46.3761	-769.319
203	40.6	-502.842	-40.9855	-543.828
204	40.8	-497.23	-37.7458	-534.976
205	41	-373.403	-40.1442	-413.547
206	41.2	-718.517	-58.6537	-777.17
207	41.4	-536.165	-46.7325	-582.898
208	41.6	-557.623	-22.8764	-580.499
209	41.8	-427.779	-32.3057	-460.084
210	42	-323.192	-33.0217	-356.213
211	42.2	-336.618	-37.408	-374.026
212	42.4	-356.929	-32.1924	-389.121
213	42.6	-234.754	-17.3335	-252.087
214	42.8	-57.747	-17.7477	-75.4947
215	43	-267.14	-20.5091	-287.649
216	43.2	-370.843	-33.7602	-404.604
217	43.4	-357.832	-29.7583	-387.591
218	43.6	-255.993	-24.2863	-280.279
219	43.8	-237.976	-27.8103	-265.786
220	44	-232.192	-24.1074	-256.299
221	44.2	-279.339	-32.7488	-312.087
222	44.4	-382.649	-42.1373	-424.786
223	44.6	-431.422	-32.1136	-463.536
224	44.8	-434.486	-46.5806	-481.067
225	45	-539.722	-36.4376	-576.159
226	45.2	-580.671	-33.1958	-613.867
227	45.4	-778.415	-39.8641	-818.279
228	45.6	-758.192	-44.9646	-803.156
229	45.8	-621.908	-42.0407	-663.948
230	46	-798.559	-48.8385	-847.398
231	46.2	-540.953	-27.206	-568.159
232	46.4	-409.279	-40.629	-449.908
233	46.6	-510.487	-39.912	-550.399
234	46.8	-544.621	-34.9748	-579.596
235	47	-541.683	-54.5446	-596.227
236	47.2	-365.713	-32.9127	-398.626
237	47.4	-422.979	-34.5395	-457.519
238	47.6	-329.793	-29.9607	-359.754
239	47.8	-305.481	-24.6308	-330.112
240	48	-235.333	-21.234	-256.567
241	48.2	-99.3222	-9.6119	-108.934
242	48.4	-153.037	-11.3661	-164.404
243	48.6	-241.619	-23.1337	-264.753
244	48.8	-197.823	-13.8807	-211.704
245	49	-172.293	-20.4541	-192.747
246	49.2	-252.419	-11.5457	-263.965
247	49.4	-337.111	-16.5742	-353.686
248	49.6	-266.764	-16.6409	-283.405
249	49.8	-225.599	-23.7782	-249.378
250	50	-364.617	-28.4135	-393.03
251	50.2	-436.604	-28.5409	-465.145
252	50.4	-339.664	-16.8979	-356.562
253	50.6	-284.895	-17.6122	-302.507
254	50.8	-467.527	-13.8849	-481.412
255	51	-395.179	-13.1978	-408.377
256	51.2	-322.24	-30.0426	-352.282
257	51.4	-353.36	-34.209	-387.569
258	51.6	-498.922	-39.0808	-538.003
259	51.8	-443.38	-28.8539	-472.234
260	52	-397.892	-35.3173	-433.21
261	52.2	-371.67	-30.7774	-402.447
262	52.4	-610.591	-33.1918	-643.783
263	52.6	-634.284	-24.9863	-659.27
264	52.8	-415.082	-21.5479	-436.63
265	53	-531.522	-31.018	-562.54
266	53.2	-525.333	-34.8672	-560.2
