Frame         Time          Elec          VdW           Nonbond       Total         
0             0             -29.5884      -7.8521       -37.4405      -37.4405      
1             1             +1.1552       -3.3367       -2.1815       -2.1815       
2             2             -37.6002      -17.2054      -54.8056      -54.8056      
3             3             -70.0879      -12.4922      -82.5801      -82.5801      
4             4             -45.7913      -37.2839      -83.0752      -83.0752      
5             5             -170.528      -39.8047      -210.333      -210.333      
6             6             -46.7965      -43.3408      -90.1373      -90.1373      
7             7             -60.8651      -49.1151      -109.98       -109.98       
8             8             -52.2819      -45.0337      -97.3156      -97.3156      
9             9             -28.1693      -57.129       -85.2983      -85.2983      
10            10            -41.8214      -49.837       -91.6584      -91.6584      
11            11            -59.0292      -49.1897      -108.219      -108.219      
12            12            -34.8235      -44.8891      -79.7126      -79.7126      
13            13            -28.894       -46.9034      -75.7974      -75.7974      
14            14            -24.6904      -54.3473      -79.0377      -79.0377      
15            15            -13.1656      -38.6669      -51.8325      -51.8325      
16            16            -36.6304      -39.5268      -76.1572      -76.1572      
17            17            -80.2129      -43.9536      -124.167      -124.167      
18            18            -28.8513      -28.1809      -57.0322      -57.0322      
19            19            -6.09         -28.2003      -34.2903      -34.2903      
20            20            -15.9012      -37.1801      -53.0813      -53.0813      
21            21            -29.4341      -35.6166      -65.0507      -65.0507      
22            22            -55.634       -40.0741      -95.7081      -95.7081      
23            23            -101.73       -43.2289      -144.959      -144.959      
24            24            -102.398      -44.8443      -147.242      -147.242      
25            25            -104.72       -53.7547      -158.475      -158.475      
26            26            -85.0587      -40.5722      -125.631      -125.631      
27            27            -73.1029      -43.6211      -116.724      -116.724      
28            28            -54.1139      -43.7798      -97.8937      -97.8937      
29            29            -60.3664      -36.3208      -96.6872      -96.6872      
30            30            -72.667       -28.3623      -101.029      -101.029      
31            31            -78.5071      -33.9533      -112.46       -112.46       
32            32            -109.428      -35.9856      -145.414      -145.414      
33            33            -120.099      -31.081       -151.18       -151.18       
34            34            -117.206      -35.8995      -153.106      -153.106      
35            35            -124.864      -31.5589      -156.423      -156.423      
36            36            -96.3862      -51.5324      -147.919      -147.919      
37            37            -94.5145      -32.8299      -127.344      -127.344      
38            38            -75.515       -31.5029      -107.018      -107.018      
39            39            -111.622      -33.9843      -145.606      -145.606      
40            40            -101.704      -37.985       -139.689      -139.689      
41            41            -137.943      -44.1965      -182.139      -182.139      
42            42            -129.955      -46.145       -176.1        -176.1        
43            43            -146.89       -53.4188      -200.309      -200.309      
44            44            -142.211      -48.7342      -190.945      -190.945      
45            45            -98.3301      -33.4457      -131.776      -131.776      
46            46            -102.102      -21.4291      -123.531      -123.531      
47            47            -127.876      -13.0487      -140.925      -140.925      
48            48            -100.563      -31.8543      -132.417      -132.417      
49            49            -78.8134      -27.2156      -106.029      -106.029      
50            50            -93.6961      -14.0198      -107.716      -107.716      
51            51            -76.1454      -26.2734      -102.419      -102.419      
52            52            -73.4393      -28.0423      -101.482      -101.482      
53            53            -95.819       -22.5041      -118.323      -118.323      
54            54            -111.168      -23.6407      -134.808      -134.808      
55            55            -80.0624      -16.2834      -96.3458      -96.3458      
56            56            -82.6397      -18.3372      -100.977      -100.977      
57            57            -65.0919      -27.0064      -92.0983      -92.0983      
58            58            -61.9856      -34.3155      -96.3011      -96.3011      
59            59            -74.533       -28.128       -102.661      -102.661      
60            60            -50.4493      -31.3828      -81.8321      -81.8321      
61            61            -50.7048      -37.9142      -88.619       -88.619       
62            62            -35.6707      -36.6577      -72.3284      -72.3284      
63            63            -58.221       -49.9829      -108.204      -108.204      
64            64            -34.9867      -34.0125      -68.9992      -68.9992      
65            65            -64.9817      -41.9328      -106.915      -106.915      
66            66            -113.223      -39.9936      -153.216      -153.216      
67            67            -78.2815      -52.2576      -130.539      -130.539      
68            68            -107.118      -42.9376      -150.056      -150.056      
69            69            -117.376      -52.1262      -169.502      -169.502      
70            70            -104.93       -50.7414      -155.671      -155.671      
71            71            -241.009      -44.8884      -285.898      -285.898      
72            72            -112.745      -52.0623      -164.808      -164.808      
73            73            -224.218      -59.3815      -283.599      -283.599      
74            74            -188.947      -61.5291      -250.476      -250.476      
75            75            -262.228      -41.6054      -303.833      -303.833      
76            76            -100.82       -45.3057      -146.125      -146.125      
77            77            -172.694      -46.1032      -218.797      -218.797      
78            78            -219.39       -57.386       -276.776      -276.776      
79            79            -96.6065      -47.7005      -144.307      -144.307      
80            80            -52.9925      -46.0519      -99.0444      -99.0444      
81            81            -94.1967      -53.7805      -147.977      -147.977      
82            82            -55.2137      -52.4522      -107.666      -107.666      
83            83            -76.5721      -61.5868      -138.159      -138.159      
84            84            -61.2879      -54.0284      -115.316      -115.316      
85            85            -41.5175      -43.9477      -85.4652      -85.4652      
86            86            -65.8802      -37.3571      -103.237      -103.237      
87            87            -134.549      -41.1861      -175.736      -175.736      
88            88            -98.2596      -27.2992      -125.559      -125.559      
89            89            -86.3997      -22.4922      -108.892      -108.892      
90            90            -73.6693      -27.3516      -101.021      -101.021      
91            91            -72.7072      -25.3351      -98.0423      -98.0423      
92            92            -72.1745      -30.8162      -102.991      -102.991      
93            93            -74.5091      -23.9813      -98.4904      -98.4904      
94            94            -84.8445      -30.585       -115.429      -115.429      
95            95            -162.639      -25.4781      -188.117      -188.117      
96            96            -133.99       -31.0245      -165.015      -165.015      
97            97            -179.241      -29.9616      -209.203      -209.203      
98            98            -85.5975      -47.8008      -133.398      -133.398      
99            99            -131.78       -45.1088      -176.888      -176.888      
100           100           -177.573      -35.1123      -212.686      -212.686      
101           101           -184.106      -31.8604      -215.966      -215.966      
102           102           -161.92       -39.52        -201.44       -201.44       
103           103           -90.3296      -31.0065      -121.336      -121.336      
104           104           -71.2685      -23.393       -94.6615      -94.6615      
105           105           -62.5497      -36.2883      -98.838       -98.838       
106           106           -75.7546      -33.0549      -108.81       -108.81       
107           107           -78.5979      -27.0202      -105.618      -105.618      
108           108           -62.8193      -30.7452      -93.5645      -93.5645      
109           109           -76.3399      -33.0689      -109.409      -109.409      
110           110           -56.5866      -31.3098      -87.8964      -87.8964      
111           111           -89.0481      -31.0853      -120.133      -120.133      
112           112           -109.005      -26.5427      -135.548      -135.548      
113           113           -90.6684      -28.7838      -119.452      -119.452      
114           114           -97.4812      -33.4864      -130.968      -130.968      
115           115           -85.5419      -26.8636      -112.406      -112.406      
116           116           -77.124       -22.3604      -99.4844      -99.4844      
117           117           -106.712      -28.3214      -135.033      -135.033      
118           118           -129.017      -33.9362      -162.953      -162.953      
119           119           -92.3221      -45.8041      -138.126      -138.126      
120           120           -155.071      -43.6012      -198.672      -198.672      
121           121           -128.641      -45.6727      -174.313      -174.313      
122           122           -119.486      -44.5391      -164.025      -164.025      
123           123           -86.8879      -47.7397      -134.628      -134.628      
124           124           -278.313      -45.4576      -323.771      -323.771      
125           125           -237.902      -50.1415      -288.044      -288.044      
126           126           -324.22       -47.2782      -371.498      -371.498      
127           127           -308.741      -50.0818      -358.823      -358.823      
128           128           -305.408      -38.7513      -344.159      -344.159      
129           129           -331.47       -51.1635      -382.634      -382.634      
130           130           -286.508      -57.6617      -344.17       -344.17       
131           131           -259.601      -40.7028      -300.304      -300.304      
132           132           -222.081      -38.0016      -260.083      -260.083      
133           133           -207.436      -43.9423      -251.379      -251.379      
134           134           -255.093      -38.2029      -293.296      -293.296      
135           135           -220.682      -45.4466      -266.129      -266.129      
136           136           -329.3        -34.7534      -364.053      -364.053      
137           137           -292.979      -36.6935      -329.673      -329.673      
138           138           -277.47       -45.549       -323.019      -323.019      
139           139           -326.192      -36.2576      -362.449      -362.449      
140           140           -275.444      -34.0478      -309.492      -309.492      
141           141           -265.527      -45.3405      -310.868      -310.868      
142           142           -293.875      -53.8981      -347.773      -347.773      
143           143           -292.672      -45.7349      -338.406      -338.406      
144           144           -280.945      -61.5161      -342.461      -342.461      
145           145           -262.983      -45.0609      -308.044      -308.044      
146           146           -244.296      -57.6147      -301.911      -301.911      
147           147           -284.505      -49.0381      -333.543      -333.543      
148           148           -283.563      -48.8659      -332.429      -332.429      
149           149           -268.228      -44.0375      -312.266      -312.266      
150           150           -191.824      -51.6526      -243.477      -243.477      
151           151           -122.736      -53.0342      -175.77       -175.77       
152           152           -123.019      -53.9783      -176.998      -176.998      
153           153           -161.419      -54.7137      -216.132      -216.132      
154           154           -151.263      -52.5434      -203.806      -203.806      
155           155           -177.748      -57.2982      -235.046      -235.046      
156           156           -188.376      -62.6693      -251.046      -251.046      
157           157           -171.684      -57.0877      -228.772      -228.772      
158           158           -115.912      -59.265       -175.177      -175.177      
159           159           -110.604      -56.9352      -167.539      -167.539      
160           160           -100.761      -52.6728      -153.434      -153.434      
161           161           -126.168      -49.4476      -175.616      -175.616      
162           162           -125.943      -44.1786      -170.121      -170.121      
163           163           -111.872      -52.9403      -164.812      -164.812      
164           164           -98.184       -54.4515      -152.636      -152.636      
165           165           -99.282       -53.7183      -153          -153          
166           166           -122.087      -39.532       -161.618      -161.618      
167           167           -135.313      -49.2418      -184.555      -184.555      
168           168           -106.938      -56.7635      -163.701      -163.701      
169           169           -143.155      -50.0376      -193.192      -193.192      
170           170           -118.446      -42.9291      -161.375      -161.375      
171           171           -97.6204      -49.298       -146.918      -146.918      
172           172           -115.471      -50.2289      -165.7        -165.7        
173           173           -110.943      -44.0142      -154.957      -154.957      
174           174           -94.4627      -48.4238      -142.887      -142.887      
175           175           -72.6003      -41.6792      -114.28       -114.28       
176           176           -134.814      -50.8831      -185.697      -185.697      
177           177           -129.064      -56.4514      -185.516      -185.516      
178           178           -112.495      -44.2962      -156.791      -156.791      
179           179           -195.17       -50.7932      -245.963      -245.963      
180           180           -129.174      -47.8261      -177          -177          
181           181           -126.899      -55.1413      -182.041      -182.041      
182           182           -109.744      -56.5758      -166.319      -166.319      
183           183           -113.943      -64.4888      -178.432      -178.432      
184           184           -54.7862      -58.7486      -113.535      -113.535      
185           185           -75.2396      -53.2646      -128.504      -128.504      
186           186           -107.152      -37.0764      -144.228      -144.228      
187           187           -211.957      -47.4737      -259.431      -259.431      
188           188           -148.738      -56.9011      -205.639      -205.639      
189           189           -49.7652      -45.3148      -95.08        -95.08        
190           190           -46.6836      -48.1444      -94.828       -94.828       
191           191           -28.3248      -42.1108      -70.4356      -70.4356      
192           192           -54.6296      -53.866       -108.496      -108.496      
193           193           -35.9004      -51.1485      -87.0489      -87.0489      
194           194           -50.9538      -49.9873      -100.941      -100.941      
195           195           -25.7827      -41.5311      -67.3138      -67.3138      
196           196           -12.1965      -45.5971      -57.7936      -57.7936      
197           197           -66.7816      -59.1308      -125.912      -125.912      
198           198           -40.65        -56.9047      -97.5547      -97.5547      
199           199           -39.4052      -50.7673      -90.1725      -90.1725      
200           200           -9.5647       -42.9759      -52.5406      -52.5406      
201           201           -9.1969       -47.5035      -56.7004      -56.7004      
202           202           -24.2777      -38.5558      -62.8335      -62.8335      
203           203           -33.4792      -47.0611      -80.5403      -80.5403      
204           204           -19.8781      -40.6434      -60.5215      -60.5215      
205           205           -27.156       -47.6461      -74.8021      -74.8021      
206           206           -16.1089      -49.9457      -66.0546      -66.0546      
207           207           -19.785       -47.1603      -66.9453      -66.9453      
208           208           -23.8701      -45.9953      -69.8654      -69.8654      
209           209           -10.0971      -49.6654      -59.7625      -59.7625      
210           210           -87.4979      -52.2723      -139.77       -139.77       
211           211           -103.155      -54.9136      -158.069      -158.069      
212           212           -93.3783      -48.248       -141.626      -141.626      
213           213           -78.8342      -57.6897      -136.524      -136.524      
214           214           -78.1338      -56.6013      -134.735      -134.735      
215           215           -81.4953      -55.3847      -136.88       -136.88       
216           216           -90.1906      -52.2974      -142.488      -142.488      
217           217           -20.6134      -48.751       -69.3644      -69.3644      
218           218           -60.392       -56.0267      -116.419      -116.419      
219           219           -31.8839      -55.5953      -87.4792      -87.4792      
220           220           -21.7987      -47.7823      -69.581       -69.581       
221           221           -71.146       -46.4391      -117.585      -117.585      
222           222           -21.0146      -49.0093      -70.0239      -70.0239      
223           223           -93.2325      -48.6681      -141.901      -141.901      
224           224           -20.9013      -56.252       -77.1533      -77.1533      
225           225           -24.0573      -52.9854      -77.0427      -77.0427      
226           226           -57.6536      -52.1629      -109.816      -109.816      
227           227           -31.9769      -52.8304      -84.8073      -84.8073      
228           228           -37.8449      -43.0857      -80.9306      -80.9306      
229           229           -45.0345      -58.1303      -103.165      -103.165      
230           230           -60.9531      -57.0159      -117.969      -117.969      
231           231           -32.6926      -48.8591      -81.5517      -81.5517      
232           232           -67.659       -50.8832      -118.542      -118.542      
233           233           -33.7084      -60.0355      -93.7439      -93.7439      
234           234           -55.9828      -49.9151      -105.898      -105.898      
235           235           -56.5875      -49.7278      -106.315      -106.315      
236           236           -40.2787      -50.3729      -90.6516      -90.6516      
237           237           -37.7996      -44.6843      -82.4839      -82.4839      
238           238           -23.9074      -52.3838      -76.2912      -76.2912      
239           239           -31.5549      -49.7804      -81.3353      -81.3353      
240           240           -70.6474      -51.0457      -121.693      -121.693      
241           241           -106.705      -45.4642      -152.169      -152.169      
242           242           -19.8956      -47.6778      -67.5734      -67.5734      
243           243           -24.707       -46.4079      -71.1149      -71.1149      
244           244           -33.0557      -52.3764      -85.4321      -85.4321      
245           245           -42.5359      -51.1327      -93.6686      -93.6686      
246           246           -23.166       -45.8706      -69.0366      -69.0366      
247           247           -40.2741      -47.1457      -87.4198      -87.4198      
248           248           -36.914       -49.9307      -86.8447      -86.8447      
249           249           -33.9129      -45.6009      -79.5138      -79.5138      
250           250           -34.8236      -45.4202      -80.2438      -80.2438      
251           251           -23.9642      -46.988       -70.9522      -70.9522      
252           252           +13.3204      -53.5965      -40.2761      -40.2761      
253           253           -39.1339      -49.7528      -88.8867      -88.8867      
254           254           -38.7338      -43.9645      -82.6983      -82.6983      
255           255           -22.2659      -42.926       -65.1919      -65.1919      
256           256           -39.9525      -46.5786      -86.5311      -86.5311      
257           257           -65.7954      -51.6247      -117.42       -117.42       
258           258           -152.348      -48.2586      -200.607      -200.607      
259           259           -95.3403      -54.1158      -149.456      -149.456      
260           260           -135.331      -63.0482      -198.379      -198.379      
261           261           -20.6653      -56.4158      -77.0811      -77.0811      
262           262           -103.467      -44.1881      -147.655      -147.655      
263           263           -115.682      -55.699       -171.381      -171.381      
264           264           -83.1536      -51.2689      -134.423      -134.423      
265           265           -122.507      -55.927       -178.434      -178.434      
266           266           -132.37       -54.3981      -186.768      -186.768      
