0   0.7195511656661453
1   0.7195426138255365
2   0.7898557062831292
3   0.7465059327296465
4   0.7152984908605372
5   0.7527335902655842
6   0.7291608639812267
7   0.7044071943028883
8   0.7358929726313388
9   0.8222327426329562
10   0.7673741465802496
11   0.7095893901862926
12   0.6442910730661167
13   0.7000455173064077
14   0.7040134476365261
15   0.7748228804833804
16   0.7482707077901783
17   0.7365662726627319
18   0.7824677406805456
19   0.7520324597163622
20   0.7203241170179288
21   0.7138380897595532
22   0.7116173408734254
23   0.6539698638889011
24   0.5811626672961617
25   0.6560050844698561
26   0.6844779300865186
27   0.6667615399959645
28   0.6967483578496405
29   0.7225842994475745
30   0.746143015257069
31   0.739835205495505
32   0.765381159340837
33   0.7101083673503633
34   0.6993415446128641
35   0.6005775349353601
36   0.6763856441675282
37   0.6651582861286002
38   0.5938453704548455
39   0.6514451744733234
40   0.6738984802771132
41   0.6551315613406627
42   0.6926406325353471
43   0.6192159634580421
44   0.5457794785762458
45   0.5227116458530117
46   0.5632366107432294
47   0.6387605588858876
48   0.5850026136193739
49   0.6057768827697801
50   0.5779019320775551
51   0.5506053945804437
52   0.684619864017966
53   0.6411102837512034
54   0.6358362113053615
55   0.6149108292479223
56   0.638515012969802
57   0.66911031714633
58   0.6422364470839894
59   0.6143736725826099
60   0.6090772545744348
61   0.5495632212631931
62   0.5254532089419276
63   0.5358208398634436
64   0.6140946689645219
65   0.5556091703705225
66   0.5728257804462152
67   0.5690432917095096
68   0.5761559739120962
69   0.6041869082032914
70   0.5844649909881824
71   0.6162310631262646
72   0.6199005822910781
73   0.6222155737062809
74   0.6044911725005105
75   0.6809206011434513
76   0.681192495692694
77   0.6869584830755247
78   0.7059839839943767
79   0.6794949315294283
80   0.7271534971226901
81   0.7038253312344427
82   0.7003974756409277
83   0.703329088857414
84   0.7603401660505694
85   0.7595517640453341
86   0.738956495511066
87   0.7104599672202716
88   0.7438656996074507
89   0.7897224606084672
90   0.7623773828595021
91   0.7326675501608315
92   0.7514291378611155
93   0.7484472930403269
94   0.7823284617951219
95   0.787819810412046
96   0.7950381078224545
97   0.7940415042584665
98   0.8387191721555574
99   0.751916863867268
100   0.72647537498807
101   0.7247167643896626
102   0.7647774454788202
103   0.7756369051898326
104   0.7307131872478877
105   0.7512581726024763
106   0.7189572256164918
107   0.7579535095125103
108   0.7321225508709489
109   0.7450367949217485
110   0.7319826988641653
111   0.7405761431790546
112   0.6989561582535743
113   0.6819364262731931
114   0.6403510356487079
115   0.7169916645526244
116   0.6957220468200785
117   0.6033523514960156
118   0.6103716604032685
119   0.5339188469685653
120   0.5684128338238342
121   0.53386573219873
122   0.6085437057401711
123   0.6001408877962324
124   0.6175522691382228
125   0.6457116317248942
126   0.696565947024461
127   0.7107823002201777
128   0.6922215759449607
129   0.6759558655739281
130   0.7059805470088458
131   0.7300165662861483
132   0.7393511680313326
133   0.7152912448501125
134   0.731337185909875
135   0.7663819188502108
136   0.8073206202242426
137   0.7904391104775121
138   0.8086456464621579
139   0.7665304153781359
140   0.7625302766158643
141   0.7297175381183046
142   0.7104601212961448
143   0.745098728544516
144   0.7855779755390976
145   0.7976917162844173
146   0.8239757342227516
147   0.801696203181706
148   0.7430170770550109
149   0.7756027669490723
150   0.7272504589349592
151   0.7843397521876474
152   0.8170460974775878
153   0.7699435055826824
154   0.784932590642643
155   0.7080173853634735
156   0.7261660580510474
157   0.7131686813582802
158   0.7732388284180886
159   0.7250157628089412
160   0.7548452956200171
161   0.7455080752278364
162   0.766284370947778
163   0.7500058047444993
164   0.7287658774975083
165   0.7600742179694061
166   0.7300002656140494
167   0.7512548806924411
168   0.6903088415502713
169   0.7366656737748333
170   0.6934964757021859
171   0.6795539349757753
172   0.6923615194427115
173   0.7210842804224316
174   0.7145472814244246
175   0.7900904134988491
176   0.7507251333826764
177   0.7431636073023302
178   0.7757388241458182
179   0.7386490047203236
180   0.6798459487132045
181   0.658547058379745
182   0.6711653385466493
183   0.7311486408769278
184   0.7082974200206592
185   0.7505146959453927
186   0.7778141082638753
187   0.7487476161408652
188   0.7590750344120003
189   0.7536249584839452
190   0.7532292850251918
191   0.7356147016148904
192   0.7345296217148356
193   0.7690384054335991
194   0.7743096655616557
195   0.7753289961374855
196   0.7489402521753271
197   0.7554211115457552
198   0.6931898862391375
199   0.7283088204363266
200   0.7410096396025709
201   0.7441582561178935
202   0.7620567858771072
203   0.71287424820274
204   0.7433638742992004
205   0.7507711765746136
206   0.7706775977173351
207   0.8040636810894155
208   0.7832822247979476
209   0.8068816356903669
210   0.8367529892610954
211   0.8069711393169882
212   0.7880155198053812
213   0.7671384232096169
214   0.7076761354509603
215   0.7337716036042746
216   0.7643835272286975
217   0.7678196254842499
218   0.7541972551469535
219   0.7422976124884058
220   0.781865049188222
221   0.784515377075953
222   0.7248425611595212
223   0.7105569227358844
224   0.733714567781904
225   0.727935812794527
226   0.7597901697910677
227   0.7122238390942983
228   0.7741356346424312
229   0.7425445945196146
230   0.7112779278085651
231   0.6666430545373412
232   0.6693818219218639
233   0.6692183733915351
234   0.6852989259103476
235   0.6571438028949711
236   0.6995954651403635
237   0.7108753825262668
238   0.671118406087219
239   0.7293830123195811
240   0.6729890453967993
241   0.6653349136689289
242   0.6955066291516188
243   0.7201937106209475
244   0.7743800049356115
245   0.7416008984964678
246   0.7177283896925564
247   0.632331185658223
248   0.6591419624598928
249   0.6559221428092159
250   0.60639214023951
251   0.6068375587179397
252   0.672895637587024
253   0.6312142156934037
254   0.6495400903131243
255   0.659451857083043
256   0.6533817087274186
257   0.6600789966911494
258   0.6174413349440007
259   0.6305435934446896
260   0.6624933664431017
261   0.6055265433222781
262   0.6657897005932047
263   0.6753694964360045
264   0.6748227464554764
265   0.679906267421424
266   0.7107107546503806
267   0.6858337281687423
268   0.6878381890718944
269   0.6894631777349551
270   0.6807270596961607
271   0.7080965860256255
272   0.7594550736315668
273   0.7421744276299672
274   0.7816644458727537
275   0.7135334201367809
276   0.7977381399377261
277   0.6955943039587965
278   0.6851239464073435
279   0.7794450201218848
280   0.7549851848564887
281   0.7316191060007825
282   0.7417037911572395
283   0.7135915203482076
284   0.7297121783613201
285   0.7467856426325199
286   0.7674393693821586
287   0.7816662617484629
288   0.7671761283874967
289   0.7300819389460521
290   0.695947322488563
291   0.7261914253562186
292   0.7241054905581601
