0   0.27651053189652686
1   0.24911420777058121
2   0.16030895633859918
3   0.15458015541969677
4   0.174455916878405
5   0.26584330964704034
6   0.26973789108305524
7   0.17809695874575554
8   0.16034206046122707
9   0.18813593008738422
10   0.22258269538184808
11   0.21328519997997525
12   0.2488100907200529
13   0.2266592024574176
14   0.25667836600905336
15   0.195027997766282
16   0.22645069344570443
17   0.28606743914018595
18   0.2794811404707587
19   0.3385422406879817
20   0.3033701780977474
21   0.2783216268644397
22   0.27159890960272864
23   0.180192392141976
24   0.1807909562807204
25   0.18705713230875293
26   0.20469258238660126
27   0.2238127531737987
28   0.1944192401222998
29   0.13514808323939084
30   0.12059046527539546
31   0.13003462045402445
32   0.13714086299577158
33   0.12212907793967019
34   0.19263544092452972
35   0.15253149343524497
36   0.12321662187509758
37   0.15588259398565726
38   0.16366177333486706
39   0.15104595254240613
40   0.11226246928112106
41   0.08651875165936951
42   0.17373089818279258
43   0.1218100713829507
44   0.12799641920465185
45   0.06786283040779663
46   0.10761266996803988
47   0.1291970243402365
48   0.14970017712009653
49   0.15252531624958898
50   0.14770486952963122
51   0.14857831820408554
52   0.14629479562298878
53   0.20981751021710313
54   0.16315758224079988
55   0.22984515654609713
56   0.19295702480919014
57   0.13358137817064777
58   0.1933933544705677
59   0.2854304263515933
60   0.2539837153251552
61   0.24010625014121004
62   0.2537292328727576
63   0.21064739246858866
64   0.23830375453253586
65   0.1738652773926604
66   0.16508899160221857
67   0.12937124753961426
68   0.1837148606561634
69   0.1461699924833138
70   0.13743857785368455
71   0.17990042863250505
72   0.12723934278950502
73   0.1202958087995487
74   0.09628715204311482
75   0.02867218058345288
76   0.10411439260258795
77   0.04716405247188422
78   0.07756437303903371
79   0.13627694712784055
80   0.1415025409087805
81   0.05714434406305956
82   0.04575563374087391
83   0.07641838689884767
84   0.10205309543242866
85   0.05286096238243963
86   0.08556833546904624
87   0.10789198560223903
88   0.07385398329965706
89   0.21978300431613604
90   0.15535111885417496
91   0.17691304848911985
92   0.12453910894141382
93   0.15572795676289075
94   0.125166397663629
95   0.16851483171075823
96   0.18941035007476384
97   0.1380866976397016
98   0.08615816082153804
99   0.10767692724491394
100   0.17513722074505864
101   0.20592330008266582
102   0.2076850866552286
103   0.1689757912615765
104   0.17168967546760122
105   0.25000497054282034
106   0.21257083193040477
107   0.24254554735763537
108   0.20408453316454156
109   0.13346961529657508
110   0.17070160039957283
111   0.13873864354401907
112   0.17964864993457857
113   0.1445530102342075
114   0.15090737001910337
115   0.1850304076110046
116   0.2242305727157198
117   0.23901622188670635
118   0.20851647794582723
119   0.15510018706392675
120   0.07537081376923299
121   0.12301643211357774
122   0.15262030088354134
123   0.21252885033328095
124   0.17426198914399216
125   0.1766366799337136
126   0.21733974246031157
127   0.16381817421101896
128   0.15944905263429016
129   0.15045645967112592
130   0.1799554730477548
131   0.1601480218670805
132   0.18880221223484825
133   0.26120977585966687
134   0.27623854750869165
135   0.29601546506539034
136   0.2741489581883788
137   0.3458137414629402
138   0.39715732967413403
139   0.43457589245996314
140   0.3933844957136413
141   0.35628870386552053
142   0.28797223161744606
143   0.28558799934850654
144   0.2777374037659781
145   0.315781583291853
146   0.3758667127298469
147   0.336732021187667
148   0.33802493028679914
149   0.320114324851049
150   0.3803291531772001
151   0.36524083366184845
152   0.370038402839079
153   0.36823400012158963
154   0.3139582666957491
155   0.28998276316222243
156   0.29500566144908846
157   0.3452410018178246
158   0.2719751790901697
159   0.32065374749700043
160   0.2887424939189735
161   0.3482848798771188
162   0.34125967391087586
163   0.32835506874470066
164   0.20635723182822077
165   0.30040664945684525
166   0.2684300297906224
167   0.24987580194593725
168   0.26342644369216256
169   0.25760577733363066
170   0.27876679437857554
171   0.20817299780676113
172   0.2413707297883275
173   0.21852059683624134
174   0.23734190850166106
175   0.27856932364901454
176   0.3222876799648047
177   0.3081585899341047
178   0.29072049644957837
179   0.2682116881698755
180   0.2864690658522088
181   0.3483710482938121
182   0.4042566167161853
183   0.3757734820270167
184   0.3617046622571425
185   0.34451475994063196
186   0.38306821068310143
187   0.34467860611578593
188   0.2797741366291667
189   0.32199809863121553
190   0.33316147039759625
191   0.370421412326009
192   0.3184422235685055
193   0.3319170641657753
194   0.3588456954856548
195   0.3371719918354568
196   0.27108895709374936
197   0.3166652271406495
198   0.3141599208506635
199   0.3014329280423748
200   0.22162539249607116
201   0.29353429995400704
202   0.29291121204435966
203   0.3190677918420136
204   0.30122756891299235
205   0.21743006145868152
206   0.1842328498114015
207   0.23407960750848744
208   0.24411041953378157
209   0.25010298570753975
210   0.2877102131410857
211   0.2824664897837719
212   0.2053843479522294
213   0.1417510378647241
214   0.19274964462243477
215   0.17509793956436093
216   0.19514884009136116
217   0.1628283398670286
218   0.1159702210226144
219   0.17857452660558495
220   0.21062478075664498
221   0.13184995175172126
222   0.12085735434908464
223   0.1239008871480102
224   0.12199843663374856
225   0.13384344991613967
226   0.15252273722018617
227   0.14444960705961662
228   0.15120073637289502
229   0.19188278508579018
230   0.15103582242153316
231   0.20526885824001853
232   0.14548734148658074
233   0.06209721209408818
234   0.10006049470975886
235   0.07821130730331505
236   0.06563216689652925
237   0.09208459736127936
238   0.03500635783731644
239   0.07015833741444841
240   0.012851559873858234
241   0.05717800859106374
242   0.03752327142167442
243   0.08510779915407528
244   0.1343265612151483
245   0.12431967476129818
246   0.0523608093399209
247   0.0033675962798692355
248   0.08461898617744747
249   0.038338818063464876
250   0.12773160525706936
251   0.15354286681267695
252   0.1604988474218002
253   0.14331613716492278
254   0.18734707808564258
255   0.24324152553991987
256   0.2500465731443622
257   0.25098266453313495
258   0.22580927490618097
259   0.21442986847777468
260   0.22528687742285897
261   0.1548956157117936
262   0.17960258466299803
263   0.12336052829408893
264   0.20153441564584712
265   0.193947373409827
266   0.1394656958819947
267   0.1730166444770716
268   0.19466400764105168
269   0.19631089777073735
270   0.19627921686294486
271   0.2879907087937269
272   0.24965385091027154
273   0.21273765650499402
274   0.2247998374478895
275   0.24789869780905413
276   0.14273645411646796
277   0.19434492026215758
278   0.2294512607348878
279   0.21621772446400178
280   0.20260320385791356
281   0.17064630940569867
282   0.25744477748954187
283   0.19166652726536593
284   0.20692766083003616
285   0.1744390309990563
286   0.23357903534968208
287   0.2692790583908582
288   0.19750488417510498
289   0.18759329867422778
290   0.20806526437825196
291   0.17502752125322857
292   0.22002617592394733
293   0.18223727642558857
294   0.25808554557281216
295   0.24778303762206122
296   0.2546048095901463
297   0.20072764731755777
298   0.22709082355449234
299   0.20396771259255134
300   0.14941225334100333
301   0.21518720999176622
302   0.22943063752101356
303   0.19746229025398304
304   0.22684520231768396
305   0.18624125065073147
306   0.25521236221058086
307   0.2644265604624497
308   0.23437799431298698
309   0.2125731230705429
310   0.2735668805262255
311   0.3056477448252539
312   0.2881777247836989
313   0.2809321729180832
314   0.21092224787314723
315   0.273768200094163
316   0.28532574018257645
317   0.3241042057862918
318   0.3148499826015668
319   0.36962587379403605
320   0.3540437749346426
321   0.40309551589542497
322   0.3726140850305328
323   0.36150833986230674
324   0.37055985413727976
325   0.3121467153319355
326   0.302794589804149
327   0.3116764320579843
328   0.2768351918581528
329   0.24332624700683889
330   0.2265310400724504
331   0.2626634539817876
332   0.2919703005928283
333   0.33575142005374786
