0   0.7195426138255365
1   0.7097881149746383
2   0.7152984908605372
3   0.7406079879864804
4   0.7044071943028883
5   0.7788970493591048
6   0.7673741465802496
7   0.6940616478440397
8   0.7000455173064077
9   0.736178102613677
10   0.7482707077901783
11   0.7667485413805434
12   0.7520324597163622
13   0.7534339549222994
14   0.7116173408734254
15   0.6313526869936771
16   0.6560050844698561
17   0.7034628805890795
18   0.6967483578496405
19   0.776395061595348
20   0.739835205495505
21   0.7119842979568329
22   0.6993415446128641
23   0.6235853006435605
24   0.6651582861286002
25   0.6586456669262394
26   0.6738984802771132
27   0.6791953704256742
28   0.6192159634580421
29   0.5132161450287667
30   0.5632366107432294
31   0.5974517121774957
32   0.6057768827697801
33   0.5829345227709293
34   0.684619864017966
35   0.6528849268531675
36   0.6149108292479223
37   0.6609172840983429
38   0.6422364470839894
39   0.6406339852966715
40   0.5495632212631931
41   0.5620570424302537
42   0.6140946689645219
43   0.5917819869106484
44   0.5690432917095096
45   0.5413209975719803
46   0.5844649909881824
47   0.6113585745944661
48   0.6222155737062809
49   0.6454139104557702
50   0.681192495692694
51   0.6664208912433436
52   0.6794949315294283
53   0.7390599862942608
54   0.7003974756409277
55   0.7759044808801361
56   0.7595517640453341
57   0.7418635555066792
58   0.7438656996074507
59   0.799370847251666
60   0.7326675501608315
61   0.741439345084875
62   0.7823284617951219
63   0.7517458831409208
64   0.7940415042584665
65   0.777564910751884
66   0.72647537498807
67   0.7024951510795236
68   0.7756369051898326
69   0.7432597531491099
70   0.7189572256164918
71   0.7225201601592939
72   0.7450367949217485
73   0.7228573981444103
74   0.6989561582535743
75   0.619570834710959
76   0.7169916645526244
77   0.6181120558510399
78   0.6103716604032685
79   0.5314453165144708
80   0.53386573219873
81   0.6054687751872492
82   0.6175522691382228
83   0.6404244178441272
84   0.7107823002201777
85   0.6512025585764176
86   0.7059805470088458
87   0.7137494858035055
88   0.7152912448501125
89   0.7781634523774286
90   0.8073206202242426
91   0.8056193588809919
92   0.7665304153781359
93   0.7579768830765579
94   0.7104601212961448
95   0.7608197304939841
96   0.7976917162844173
97   0.7933886109775954
98   0.7430170770550109
99   0.6988883992212853
100   0.7843397521876474
101   0.7976542470414343
102   0.784932590642643
103   0.7506388086679145
104   0.7131686813582802
105   0.7880739754838433
106   0.7548452956200171
107   0.7905834840337737
108   0.7500058047444993
109   0.7264509467429644
110   0.7300002656140494
111   0.701352617712918
112   0.7366656737748333
113   0.705949179826992
114   0.6923615194427115
115   0.7478400112859261
116   0.7900904134988491
117   0.7924639978301
118   0.7757388241458182
119   0.751761692559447
120   0.658547058379745
121   0.6830150191344034
122   0.7082974200206592
123   0.7940703756340838
124   0.7487476161408652
125   0.7409351926136961
126   0.7532292850251918
127   0.7343805975361755
128   0.7690384054335991
129   0.7557561174194141
130   0.7489402521753271
131   0.6924084401435048
132   0.7283088204363266
133   0.7661140138620429
134   0.7620567858771072
135   0.77284518434116
136   0.7507711765746136
137   0.7873977632115821
138   0.7832822247979476
139   0.8041897981635904
140   0.8069711393169882
141   0.7905232434820605
142   0.7076761354509603
143   0.7312891969217457
144   0.7678196254842499
145   0.7769212964175753
146   0.781865049188222
147   0.7383415438089365
148   0.7105569227358844
149   0.7253659532724552
150   0.7597901697910677
151   0.7372941889726158
152   0.7425445945196146
153   0.6974653967413069
154   0.6693818219218639
155   0.6662067941952967
156   0.6571438028949711
157   0.7294228646611928
158   0.671118406087219
159   0.7026276352915398
160   0.6653349136689289
161   0.724891182518132
162   0.7743800049356115
163   0.7324148385024327
164   0.632331185658223
165   0.6833914613056721
166   0.60639214023951
167   0.6207357457337325
168   0.6312142156934037
169   0.6667563505781695
170   0.6533817087274186
171   0.6276671876506886
172   0.6305435934446896
173   0.6288236778542607
174   0.6657897005932047
175   0.7143248715795679
176   0.679906267421424
177   0.6813554756776619
178   0.6878381890718944
179   0.6848576024399694
180   0.7080965860256255
181   0.7198143201682964
182   0.7816644458727537
183   0.7607331325986062
184   0.6955943039587965
185   0.7147985015350897
186   0.7549851848564887
187   0.7266330792535639
188   0.7135915203482076
189   0.7469236977310599
190   0.7674393693821586
191   0.7736678331948312
192   0.7300819389460521
193   0.6970777327626769
194   0.7241054905581601
195   0.7416971304393958
196   0.6843238010715932
197   0.6352811297314628
198   0.6534818093149798
199   0.6697770612951346
200   0.6521705935599407
201   0.7186225551690208
202   0.702834631519581
203   0.7355316812176814
204   0.7530902718963499
205   0.6760586195603433
206   0.672416403477383
207   0.7180185049543227
208   0.7127600250248876
209   0.7325461400837686
210   0.7607297118890474
211   0.7688999703664987
212   0.7328424810782226
213   0.6936499061951379
214   0.7504905066532793
215   0.7527581311192812
216   0.7542724752677381
217   0.7697314360392069
218   0.7174092135658946
219   0.7456195549387461
220   0.7719586010672946
221   0.7405154299314577
222   0.7426551944533604
223   0.6946847493425495
224   0.6968340315924444
225   0.6613259608719346
226   0.6897109580699458
227   0.7087905828236996
228   0.709220900891233
229   0.7276591870395325
230   0.7135985899813295
231   0.7558132537735696
232   0.7160882796829184
233   0.6923005209434359
234   0.7369976016854479
235   0.7140051275041266
236   0.7399436034087442
237   0.7301966191089105
238   0.6942201886153502
239   0.7214895635628404
240   0.6611271925826856
241   0.6808180233179262
242   0.6698606284175628
243   0.7717450759197005
244   0.7315525609257948
245   0.757586938160546
246   0.7096509936700264
247   0.6640637911210946
248   0.6763842170589254
249   0.6772327572081667
250   0.7047561045588308
251   0.6943745655394528
252   0.7491116769574477
253   0.7272170421544573
254   0.7380999340504103
255   0.771141700317977
256   0.7721082060021978
257   0.7334834487270795
258   0.7639265096164526
259   0.7499718871342962
260   0.7685620465649702
261   0.726123043692007
262   0.7857093800567754
263   0.6756249248062026
264   0.7624874238268785
265   0.7019596625215264
266   0.711384012024593
267   0.7193841316232372
268   0.6991326056448568
269   0.7146405247821482
270   0.7113684138217687
271   0.7552899025932869
272   0.7074366127011608
273   0.6904397704617836
274   0.7123181885625991
275   0.7579768608405026
276   0.7048455585493268
277   0.725074550506147
278   0.7617478537692446
279   0.7554601648213161
280   0.7352543463130968
281   0.7276325443882448
282   0.7890952502615654
283   0.7419125203794458
284   0.7392318466096407
285   0.7235942867915762
286   0.7541535942217648
287   0.7593980099179911
288   0.747233459694439
289   0.6910119757665745
290   0.7107706237942206
291   0.6899332928926006
292   0.742621295066911
293   0.737523658049408
294   0.7727591407652162
295   0.7203758356718304
296   0.7711094258770387
297   0.7304196283561916
298   0.7003359712902033
299   0.7233284984616257
300   0.712058019898212
301   0.754636658966441
302   0.7512397229098228
303   0.7358691875059773
304   0.7439251389270626
305   0.7119055012806287
306   0.7755039134935672
307   0.7675890703094058
308   0.7634436194676242
309   0.7482730794474672
310   0.8127281123346944
311   0.8161219475506661
312   0.8186147355054302
313   0.8088714047731802
314   0.7406292399161457
315   0.7766920362318717
316   0.7497095296116827
317   0.8091891517255416
318   0.8128625038032822
319   0.7968700030074878
320   0.8351679492448387
321   0.8328384351966238
322   0.878596277679731
323   0.8543756955811946
324   0.8201563226990848
325   0.7579843733693166
326   0.7949586921781184
327   0.7767584240967695
328   0.7757501994596684
329   0.7065116409972783
330   0.6836535829350032
331   0.7172241584374117
332   0.7249509179272403
333   0.7465160909322155
