0   0.1314285466726839
1   0.2846550708692582
2   0.13934627647448583
3   0.1278781779400565
4   0.06500244441513992
5   0.12638426238920783
6   0.09957843498464233
7   0.1582393471216557
8   0.10668112065826116
9   0.18590946390341792
10   0.142784257427428
11   0.33411190711318284
12   0.20436335814886122
13   0.1827965653039413
14   0.07008517456525272
15   0.03291082798491451
16   0.13221582407187962
17   0.194072344768255
18   0.10427254656840607
19   0.2736675687016391
20   0.208509909725282
21   0.2365530059062047
22   0.16103270509934964
23   0.05037653187490424
24   0.16014341470867574
25   0.22819821879304855
26   0.2104801307370798
27   0.18029044566629823
28   0.11229920239490006
29   0.04051739856066696
30   0.10191173813925491
31   0.20191905016750986
32   0.17613387372101186
33   0.15580314297854378
34   0.3376272334336099
35   0.18853751558872003
36   0.1286297909087594
37   0.27176193716132985
38   0.223112236608068
39   0.23825629973812315
40   0.08610576748349835
41   0.23427014968071658
42   0.19121341325335137
43   0.2364673700752919
44   0.3020998425101027
45   0.25778038344055887
46   0.30292481776209756
47   0.28825327190803984
48   0.3422901345890862
49   0.16919484262293003
50   0.24520601511869927
51   0.27493667898575835
52   0.2708892916461248
53   0.3413788068548885
54   0.3046278806413637
55   0.43969633679381487
56   0.24609092395411286
57   0.27597346333861156
58   0.31599101886824926
59   0.46708520112269275
60   0.370732926762862
61   0.21357543848930302
62   0.2896342668514401
63   0.1345116887418594
64   0.22129147995659798
65   0.18470414022299692
66   0.10989833374679492
67   0.10591084887491288
68   0.17076956184310954
69   0.18817467203271396
70   0.14981548684412804
71   0.1837458223869346
72   0.11338858962260763
73   0.19770786198929233
74   0.11521097463203908
75   0.07805153088455978
76   0.06965041974179884
77   0.0837309050913439
78   0.16726906391105084
79   0.20927278240343591
80   0.20434070415370076
81   0.0408244667479608
82   0.13756919702920375
83   0.11134595206692638
84   0.22921892191049317
85   0.09703413631121621
86   0.10336181185851265
87   0.1978952672558843
88   0.12236681131456355
89   0.25701128354876324
90   0.30578322562101495
91   0.3601377645134006
92   0.2547648165985376
93   0.2964390485677887
94   0.2526537803409132
95   0.21370202222825016
96   0.22156292658981103
97   0.15132580352108704
98   0.18839933512529827
99   0.29072288462547113
100   0.09219212680204221
101   0.2540300927099263
102   0.21412069977515422
103   0.15413032750736896
104   0.11636134782223222
105   0.18826375539799234
106   0.19432587224326425
107   0.32573628277131456
108   0.162918789867623
109   0.20318214260650116
110   0.08340835847269593
111   0.04578104969864464
112   0.1915440931735115
113   0.2122560870740293
114   0.2613514495420665
115   0.31205928052260196
116   0.1838581215122111
117   0.18233024158302336
118   0.07707946328762656
119   0.099169733309061
120   0.07244339025099243
121   0.16097129131896717
122   0.24218981021508096
123   0.2429021932224791
124   0.22352711932067618
125   0.22449782688779374
126   0.2569649757034034
127   0.1681025163525896
128   0.212397606055732
129   0.258604273457459
130   0.1264584972635952
131   0.1189039238749815
132   0.18483621719315807
133   0.18849199290671123
134   0.2538397667513329
135   0.19591732755444846
136   0.17317944980369052
137   0.28533879637264714
138   0.17524628041047324
139   0.24325193577611082
140   0.29403512686258326
141   0.30612873743285707
142   0.2602336529994042
143   0.18526595928692818
144   0.35403434693636204
145   0.3563073320075231
146   0.3417419066353488
147   0.21227595500190904
148   0.1335881258960375
149   0.19365711160547117
150   0.2828130717857027
151   0.1761646480256797
152   0.24695976563717734
153   0.22392405873446597
154   0.14177039298561148
155   0.19042109820462716
156   0.17386918216509656
157   0.16778162696785592
158   0.16952269964614156
159   0.07579468009718542
160   0.1870464469888943
161   0.23381443400897284
162   0.3025053905529185
163   0.19696788027683762
164   0.15133835677309077
165   0.27735198315603804
166   0.13120017086076707
167   0.12157451430825872
168   0.17273378163526787
169   0.2042379801520426
170   0.14047832745478625
171   0.09559612880612264
172   0.13109499864688107
173   0.04692277250763621
174   0.18977075844055485
175   0.2192939484465081
176   0.27300341955137924
177   0.16449868768282674
178   0.15979418080131869
179   0.14712011393168234
180   0.29880793094696706
181   0.23999422624238612
182   0.2866391759568477
183   0.2646427562862733
184   0.16472103504972635
185   0.24232972805232877
186   0.29367145427042896
187   0.2056622576594208
188   0.12104174523497928
189   0.11881419937173208
190   0.1607315198859654
191   0.2909762838268331
192   0.22734597972965515
193   0.19591356613532837
194   0.19877544328215876
195   0.17948817518947494
196   0.20649334328226968
197   0.17255537530461876
198   0.20089739772158402
199   0.20541592959892202
200   0.28479740259760516
201   0.2324176333838309
202   0.13013811989225593
203   0.1000705541635366
204   0.14025613873161433
205   0.1853572573411938
206   0.15437737822510328
207   0.16483494357925452
208   0.16939778746881645
209   0.18136936025629702
210   0.2222782683169662
211   0.1996818017112378
212   0.21307882692433408
213   0.20669028547627658
214   0.09772744691683503
215   0.2969233318247639
216   0.29055105716341206
217   0.2356839925800607
218   0.26768096877679776
219   0.32081905950929573
220   0.35828343224097176
221   0.2674801549539936
222   0.24931194822216407
223   0.19147830926923232
224   0.2664095573260785
225   0.06746974215098371
226   0.10803160575016879
227   0.10167399751669709
228   0.11328383206782623
229   0.22181937962606058
230   0.2985724266536848
231   0.19437490105144953
232   0.16776036046275777
233   0.28822496154700855
234   0.37936876361185334
235   0.3080829536360097
236   0.3468129807606013
237   0.2609597050560333
238   0.2604317590387088
239   0.3437673232648192
240   0.3018388638058341
241   0.23026238835304877
242   0.18922979762826267
243   0.11451310786762024
244   0.14128819528548944
245   0.2678304583709681
246   0.24572936430430342
247   0.2703326974656062
248   0.28869302121072543
249   0.30304316451905355
250   0.21124516207136199
251   0.2655246577272252
252   0.24286444176812022
253   0.2570740130480802
254   0.4029398293831123
255   0.3078431639073051
256   0.34746943805117636
257   0.3270944005283183
258   0.34311007892435597
259   0.2533300929245528
260   0.4236556744390479
261   0.36514394424406516
262   0.3173613715403956
263   0.3058923804139152
264   0.22195290820340102
265   0.3569632221993205
266   0.1694945514495162
267   0.20076663671740202
268   0.33104268217319843
269   0.273700864045981
270   0.2616882294056777
271   0.40206763770023923
272   0.389704497067825
273   0.4031447475171955
274   0.3961601316817555
275   0.39479374770366227
276   0.31819856616267134
277   0.28162606889983954
278   0.4203079981617967
279   0.3704007728908525
280   0.3325403435340891
281   0.2851695532386561
282   0.3374571812077989
283   0.38757865292752575
284   0.44833471601293673
285   0.5217069385973678
286   0.5232364500190875
287   0.5095324339882197
288   0.5281841419518333
289   0.5054045195844747
290   0.435102162523742
291   0.3332923462800622
292   0.44485958105730733
293   0.4545940926217394
294   0.545774184229215
295   0.46761079215107687
296   0.522559680334518
297   0.4627095637418166
298   0.5375193790069063
299   0.5186091524139235
300   0.4845141818721762
301   0.4954646126402764
302   0.5164085992623083
303   0.39768329832214055
304   0.5269642191611158
305   0.4054720184976615
306   0.3431965255399066
307   0.4210208523541585
308   0.42667033478503646
309   0.4038996702882788
310   0.32252383223358744
311   0.2786283739816456
312   0.31709990128817994
313   0.41186871976295764
314   0.2523509644330471
315   0.39056451781888096
316   0.32793692927794676
317   0.44438356614035945
318   0.44161384919743046
319   0.29451558151417534
320   0.4749746663110239
321   0.4246131733212065
322   0.46510117305568244
323   0.3599424785023446
324   0.26925873845894205
325   0.373738342648883
326   0.32242481159983
327   0.32400606478028404
328   0.25833795218879496
329   0.2588343789901505
330   0.329444878712568
331   0.3941818219090386
332   0.31117670296285954
333   0.21820354572909806
