0   0.7538825646878179
1   0.7504807283936389
2   0.6554217719974641
3   0.6315478730294543
4   0.5947741206322645
5   0.5756821024952071
6   0.5279747314755378
7   0.5501186132913951
8   0.5833665499517373
9   0.5656921516005892
10   0.5352178179478221
11   0.554855214015087
12   0.5034336376208642
13   0.5365389762284362
14   0.4552212324396116
15   0.4921487189909353
16   0.4399913545392841
17   0.42228904115812804
18   0.4509414086029067
19   0.4599021051850499
20   0.44840015852823983
21   0.45858042298062673
22   0.4653209371247014
23   0.4916346674588709
24   0.5130178868229345
25   0.5253997276882596
26   0.4992991205226997
27   0.5475738026347889
28   0.5387475389319017
29   0.5372557495395398
30   0.5092327284706848
31   0.5301069853481921
32   0.5010393309233546
33   0.46465641079903736
34   0.4943597950366515
35   0.505950005175043
36   0.49538797254347894
37   0.5098760094408559
38   0.5029705596269439
39   0.5200428312511162
40   0.4930819255984186
41   0.4984102787498057
42   0.44367738853466354
43   0.47464887509152287
44   0.4415129696397955
45   0.4800983299801368
46   0.5060443676532489
47   0.5091403687989811
48   0.4871703786815845
49   0.5520842914151971
50   0.5577209434920705
51   0.5498564554199193
52   0.5607716741414968
53   0.5754074000123703
54   0.5813032202674251
55   0.546700365751132
56   0.5692237669051955
57   0.6214086838912571
58   0.5630441145260626
59   0.5180538190935652
60   0.4884582571088339
61   0.5081359998967871
62   0.5327747444911921
63   0.543418963741382
64   0.5566506316444182
65   0.6090529803585861
66   0.5664187611041175
67   0.5872034147663452
68   0.6248110170440948
69   0.6305581332843498
70   0.6108871044735793
71   0.5636096990083791
72   0.6185371701924014
73   0.6080133919181503
74   0.6103969399861567
75   0.6269528038824655
76   0.6167415907378313
77   0.574829934529511
78   0.5869728553490999
79   0.6016407632218407
80   0.5809907857639788
81   0.6071835345093932
82   0.5841148604162187
83   0.5898909080716269
84   0.6116413591986081
85   0.6177482502469631
86   0.622768933064656
87   0.618363600684275
88   0.6436664379073094
89   0.5722102071685401
90   0.6536479191414885
91   0.6318606072583832
92   0.6429525390762988
93   0.6023140737974766
94   0.5889643889694234
95   0.5969763149280815
96   0.609485357525233
97   0.6607770734263948
98   0.65727890756009
99   0.5914222173474214
100   0.6105764685839156
101   0.5938178956611466
102   0.5781498885550129
103   0.5838511988459331
104   0.5430897477654125
105   0.5398087382742149
106   0.5429263706324088
107   0.54936291934312
108   0.546729361661995
109   0.5930859730177543
110   0.584895841775368
111   0.5810937506873489
112   0.559915279569392
113   0.5782213736349102
114   0.5436959351321814
115   0.563775343901385
116   0.5658599269214167
117   0.5574001467515817
118   0.5684025157680499
119   0.5991942520619611
120   0.5857895318648925
121   0.5772108934359294
122   0.5565556044905621
123   0.5929826313912575
124   0.6002494282026752
125   0.5930234663670005
126   0.6404083837656549
127   0.6664022876306768
128   0.684014690492931
129   0.6696734069732421
130   0.6532607589432615
131   0.6510841564145673
132   0.6185002876887187
133   0.6179070737700696
134   0.5990751686655855
135   0.6393113690208495
136   0.601245706232136
137   0.5615923053868527
138   0.4812998330103902
139   0.5034478548640475
140   0.5133750466649992
141   0.5144102009607131
142   0.5531081666190402
143   0.5370023087095107
144   0.5574742333070277
145   0.5350865919745725
146   0.46702082383922566
147   0.45911051339287084
148   0.423849760402699
149   0.44597127882732857
150   0.4481119676410886
151   0.4117110437579008
152   0.41697715626829757
153   0.4194337782901714
154   0.43434866759399576
155   0.4180169861959822
156   0.40031426330665243
157   0.4003222878832784
158   0.4228617531684671
159   0.45135403116112277
160   0.4514054391605148
161   0.42501346032467013
162   0.4843847511503609
163   0.5040632520087407
164   0.4791490115088128
165   0.4378444107108263
166   0.41018861257653416
167   0.39558606361783133
168   0.4102095678255561
169   0.4479256998005346
170   0.4192542233933737
171   0.4343186465756541
172   0.44379467470810563
173   0.4675716859132222
174   0.4804970433047272
175   0.4743538000417516
176   0.5054487653530528
177   0.526383477266958
178   0.5397466852906849
179   0.5240184145156918
180   0.5186885723271963
181   0.5173773011494591
182   0.5685364377021279
183   0.515238193824152
184   0.5497885986316652
185   0.5558176883872389
186   0.5549426752473695
187   0.5408425993425284
188   0.5595647708897513
189   0.5815432251708363
190   0.6202606488545597
191   0.6160167957500514
192   0.6434626351568112
193   0.5748062326731519
194   0.554384224056364
195   0.5343393047482574
196   0.5217574765773544
197   0.48893830979298625
198   0.45678906711893735
199   0.5062871957214233
200   0.5434274078314053
201   0.5597122542338508
202   0.5291355581201019
203   0.5417270239604921
204   0.5784638431264023
205   0.5636031906418341
206   0.5471536185149576
207   0.537762258496739
208   0.5694654641387286
209   0.547720147193424
210   0.5337609187470195
211   0.5311030741463629
212   0.5964761501071777
213   0.5795759819172049
214   0.5978438599573112
215   0.5823509848064972
216   0.5974540376543718
217   0.6265457554594683
218   0.673427694474014
219   0.6405108849906674
220   0.6250722424125313
221   0.6471903344065038
222   0.6404494091829488
223   0.5900876318813196
224   0.5753608798095307
225   0.5277273994787446
226   0.5374758316706157
227   0.566015680807931
228   0.5661030607076593
229   0.5498474450280747
230   0.5625815886544133
231   0.5596891513351832
232   0.5717951749802004
233   0.6303391873953934
234   0.6422288712199907
235   0.6574246418239211
236   0.6795129788539939
237   0.6696382526509955
238   0.6612669768683082
239   0.655377987100257
240   0.6493322067678283
241   0.6396892916655234
242   0.6325293943011474
243   0.6899629899176559
244   0.6482861588075352
245   0.6387894544547504
246   0.660763566536153
247   0.6631311785311242
248   0.6528616921439557
249   0.6574970501551554
250   0.6213239876192131
251   0.5984403484825565
252   0.6150360478351531
253   0.6007374765591912
254   0.579376087342325
255   0.5594098590524118
256   0.537756861459159
257   0.5048470566750002
258   0.5477848869753407
259   0.5636073773909853
260   0.5518738131158832
261   0.5795814744802036
262   0.6091905551805789
263   0.5646150765238317
264   0.6075123884471557
265   0.5658422704329442
266   0.590366431630804
267   0.5566898817003892
268   0.5388004775697107
269   0.5319400686755895
270   0.5316295285934284
271   0.47577413544724717
272   0.4957484843538093
273   0.4943793666271935
274   0.5066832218245119
275   0.5306762966584754
276   0.5743227154925353
277   0.532105721751163
278   0.532698287381924
279   0.5400672881988363
280   0.5345311920299293
281   0.5571125410993253
282   0.5333874036904666
283   0.5502530498982863
284   0.536096477602385
285   0.5501382987275617
286   0.5215112202940227
287   0.49931663757503497
288   0.5539065201592224
289   0.5043117046934156
290   0.5090952882835966
291   0.5355262524938449
292   0.5359182704588139
293   0.5553058447581729
294   0.5160575552102975
295   0.4744085296989643
296   0.5223339901131498
297   0.5339097056512625
298   0.47545794389357665
299   0.5210193777097842
300   0.5673269905687688
301   0.5413933464050071
302   0.5224757073895685
303   0.5412489807644797
304   0.5330195832319109
305   0.5364316798462366
306   0.5227397536825548
307   0.5045381096961233
308   0.5308512715718613
309   0.5455100033465318
310   0.5433225492405629
311   0.5157004943822194
312   0.5331490080584296
313   0.528197492210003
314   0.5580537082921919
315   0.5189589575367676
316   0.4896144135476895
317   0.5167322490635265
318   0.5050305333097945
319   0.4509241293138328
320   0.49315299341425034
321   0.45055105664459694
322   0.5222546018877204
323   0.5105025683098701
324   0.4684926231239522
325   0.4642908733512398
326   0.4922572196271221
327   0.47412566870796863
328   0.49947481226033236
329   0.4634699700807608
330   0.45739883550497
331   0.45457062883525934
332   0.4343641076489325
333   0.41081443395270995
