Frame         Time          Elec          VdW           Nonbond       Total         
0             0             +3.5322       -5.1932       -1.661        -1.661        
1             1             +0.0488       -12.497       -12.4482      -12.4482      
2             2             -5.1793       -5.6126       -10.7919      -10.7919      
3             3             -6.6666       -4.8045       -11.4711      -11.4711      
4             4             -0.4476       -8.1918       -8.6394       -8.6394       
5             5             +1.8005       -7.2965       -5.496        -5.496        
6             6             +3.2162       -6.2517       -3.0355       -3.0355       
7             7             +2.2244       -5.4441       -3.2197       -3.2197       
8             8             +3.2155       -7.7121       -4.4966       -4.4966       
9             9             -0.6826       -10.8856      -11.5682      -11.5682      
10            10            -2.2502       -12.6416      -14.8918      -14.8918      
11            11            -11.6833      -9.4521       -21.1354      -21.1354      
12            12            +2.3629       -10.2175      -7.8546       -7.8546       
13            13            -0.7758       -8.3926       -9.1684       -9.1684       
14            14            +0.5498       -9.2547       -8.7049       -8.7049       
15            15            -13.4006      -8.8422       -22.2428      -22.2428      
16            16            -16.7647      -10.3121      -27.0768      -27.0768      
17            17            -11.1099      -6.4805       -17.5904      -17.5904      
18            18            +1.3304       -9.0918       -7.7614       -7.7614       
19            19            +0.2885       -8.7016       -8.4131       -8.4131       
20            20            +3.1696       -3.9385       -0.7689       -0.7689       
21            21            +1.2966       -2.8351       -1.5385       -1.5385       
22            22            +4.0159       -1.0422       +2.9737       +2.9737       
23            23            +3.7411       -1.3554       +2.3857       +2.3857       
24            24            +2.1363       -1.2213       +0.915        +0.915        
25            25            +3.0764       -1.8483       +1.2281       +1.2281       
26            26            +2.7508       -3.844        -1.0932       -1.0932       
27            27            -25.0242      -5.8845       -30.9087      -30.9087      
28            28            -6.4873       -4.6014       -11.0887      -11.0887      
29            29            -14.2616      -11.8403      -26.1019      -26.1019      
30            30            -8.9619       -10.4884      -19.4503      -19.4503      
31            31            -7.5801       -11.5101      -19.0902      -19.0902      
32            32            +1.3719       -11.9044      -10.5325      -10.5325      
33            33            +0.8952       -12.6423      -11.7471      -11.7471      
34            34            -9.1758       -12.6444      -21.8202      -21.8202      
35            35            -1.5424       -11.8297      -13.3721      -13.3721      
36            36            +0.7419       -13.1232      -12.3813      -12.3813      
37            37            -0.2183       -12.3985      -12.6168      -12.6168      
38            38            -0.3102       -11.9945      -12.3047      -12.3047      
39            39            +1.6353       -12.8826      -11.2473      -11.2473      
40            40            -1.2478       -10.1703      -11.4181      -11.4181      
41            41            -3.2737       -10.945       -14.2187      -14.2187      
42            42            -2.6351       -15.8994      -18.5345      -18.5345      
43            43            -3.7206       -14.658       -18.3786      -18.3786      
44            44            -5.0274       -10.9464      -15.9738      -15.9738      
45            45            -7.2753       -14.4755      -21.7508      -21.7508      
46            46            -2.8023       -15.4599      -18.2622      -18.2622      
47            47            -4.3524       -13.8174      -18.1698      -18.1698      
48            48            +1.468        -12.831       -11.363       -11.363       
49            49            -1.1179       -10.9776      -12.0955      -12.0955      
50            50            -1.4192       -12.7731      -14.1923      -14.1923      
51            51            -4.017        -11.9665      -15.9835      -15.9835      
52            52            -0.5484       -9.1016       -9.65         -9.65         
53            53            -5.577        -12.6914      -18.2684      -18.2684      
54            54            +2.9713       -11.5599      -8.5886       -8.5886       
55            55            -8.4041       -15.665       -24.0691      -24.0691      
56            56            -8.3008       -15.3075      -23.6083      -23.6083      
57            57            -4.1904       -10.4686      -14.659       -14.659       
58            58            -2.5209       -15.37        -17.8909      -17.8909      
59            59            -3.9219       -12.7459      -16.6678      -16.6678      
60            60            -4.0718       -16.631       -20.7028      -20.7028      
61            61            -11.0629      -15.4538      -26.5167      -26.5167      
62            62            -7.5087       -11.7165      -19.2252      -19.2252      
63            63            -4.1037       -13.5034      -17.6071      -17.6071      
64            64            +4.622        -15.8094      -11.1874      -11.1874      
65            65            -3.6848       -10.659       -14.3438      -14.3438      
66            66            -0.1822       -9.6606       -9.8428       -9.8428       
67            67            -2.6564       -10.8881      -13.5445      -13.5445      
68            68            -0.0468       -3.2714       -3.3182       -3.3182       
69            69            -1.3672       -5.8594       -7.2266       -7.2266       
70            70            +0.1442       -3.0875       -2.9433       -2.9433       
71            71            -17.5313      -5.1683       -22.6996      -22.6996      
72            72            -6.0565       -2.8195       -8.876        -8.876        
73            73            -16.0526      -7.5092       -23.5618      -23.5618      
74            74            -4.828        -8.454        -13.282       -13.282       
75            75            -9.1956       -6.4044       -15.6         -15.6         
76            76            -8.4525       -7.6568       -16.1093      -16.1093      
77            77            -3.4765       -11.5021      -14.9786      -14.9786      
78            78            -4.4401       -5.732        -10.1721      -10.1721      
79            79            -6.2269       -10.3567      -16.5836      -16.5836      
80            80            -3.9797       -6.1202       -10.0999      -10.0999      
81            81            -16.0342      -3.1416       -19.1758      -19.1758      
82            82            -4.6569       -9.4789       -14.1358      -14.1358      
83            83            -5.885        -5.4088       -11.2938      -11.2938      
84            84            -5.0433       -0.6706       -5.7139       -5.7139       
85            85            -10.1909      -6.374        -16.5649      -16.5649      
86            86            -7.5807       -10.7565      -18.3372      -18.3372      
87            87            -13.1171      -12.0787      -25.1958      -25.1958      
88            88            -13.2081      -12.7628      -25.9709      -25.9709      
89            89            -19.9179      -14.4935      -34.4114      -34.4114      
90            90            -8.6405       -14.603       -23.2435      -23.2435      
91            91            -1.6305       -12.9723      -14.6028      -14.6028      
92            92            -1.9987       -14.0267      -16.0254      -16.0254      
93            93            -15.2324      -14.8678      -30.1002      -30.1002      
94            94            -12.5154      -10.0793      -22.5947      -22.5947      
95            95            -24.1509      -13.4947      -37.6456      -37.6456      
96            96            -23.0024      -15.11        -38.1124      -38.1124      
97            97            -13.6561      -13.2641      -26.9202      -26.9202      
98            98            -10.6467      -13.4001      -24.0468      -24.0468      
99            99            -11.5081      -15.9169      -27.425       -27.425       
100           100           -20.7436      -12.7621      -33.5057      -33.5057      
101           101           -10.5011      -13.3457      -23.8468      -23.8468      
102           102           -9.0107       -13.1724      -22.1831      -22.1831      
103           103           -15.2795      -13.7867      -29.0662      -29.0662      
104           104           -0.944        -13.4382      -14.3822      -14.3822      
105           105           -0.0019       -10.1707      -10.1726      -10.1726      
106           106           -11.2878      -12.9347      -24.2225      -24.2225      
107           107           -9.458        -12.9575      -22.4155      -22.4155      
108           108           -12.245       -8.7782       -21.0232      -21.0232      
109           109           -16.3472      -13.9196      -30.2668      -30.2668      
110           110           -8.5285       -14.845       -23.3735      -23.3735      
111           111           -8.1295       -6.508        -14.6375      -14.6375      
112           112           -9.5325       -11.5254      -21.0579      -21.0579      
113           113           +2.5162       -4.8479       -2.3317       -2.3317       
114           114           -9.768        -14.7085      -24.4765      -24.4765      
115           115           -5.8889       -14.4828      -20.3717      -20.3717      
116           116           -4.6967       -13.7503      -18.447       -18.447       
117           117           -10.5904      -14.7877      -25.3781      -25.3781      
118           118           -8.5741       -14.5409      -23.115       -23.115       
119           119           -14.2227      -14.5314      -28.7541      -28.7541      
120           120           -5.8704       -14.7131      -20.5835      -20.5835      
121           121           -24.2354      -13.9024      -38.1378      -38.1378      
122           122           -10.7486      -15.1141      -25.8627      -25.8627      
123           123           -11.609       -14.0229      -25.6319      -25.6319      
124           124           -3.8411       -15.9579      -19.799       -19.799       
125           125           -16.8071      -13.267       -30.0741      -30.0741      
126           126           -15.3641      -17.3953      -32.7594      -32.7594      
127           127           -16.5893      -13.9218      -30.5111      -30.5111      
128           128           -9.55         -14.5793      -24.1293      -24.1293      
129           129           -14.7509      -15.3042      -30.0551      -30.0551      
130           130           -12.5381      -12.6127      -25.1508      -25.1508      
131           131           -1.603        -12.3064      -13.9094      -13.9094      
132           132           -11.3251      -13.5132      -24.8383      -24.8383      
133           133           -7.5854       -16.758       -24.3434      -24.3434      
134           134           -2.9495       -12.3411      -15.2906      -15.2906      
135           135           +2.1967       -9.8289       -7.6322       -7.6322       
136           136           -0.6012       -9.6174       -10.2186      -10.2186      
137           137           -5.9833       -10.3546      -16.3379      -16.3379      
138           138           +2.1324       -9.1348       -7.0024       -7.0024       
139           139           -1.7048       -8.4291       -10.1339      -10.1339      
140           140           -4.4957       -10.1111      -14.6068      -14.6068      
141           141           -3.206        -12.6535      -15.8595      -15.8595      
142           142           -0.5628       -13.7801      -14.3429      -14.3429      
143           143           -7.3532       -11.9258      -19.279       -19.279       
144           144           +2.356        -13.59        -11.234       -11.234       
145           145           -3.1314       -12.6517      -15.7831      -15.7831      
146           146           +1.0307       -10.5117      -9.481        -9.481        
147           147           +3.2257       -9.7378       -6.5121       -6.5121       
148           148           +2.5286       -9.4636       -6.935        -6.935        
149           149           +0.642        -8.7525       -8.1105       -8.1105       
150           150           +3.3299       -9            -5.6701       -5.6701       
151           151           +0.0884       -8.1712       -8.0828       -8.0828       
152           152           +2.6372       -8.9466       -6.3094       -6.3094       
153           153           +1.6542       -7.2405       -5.5863       -5.5863       
154           154           -2.1786       -14.8071      -16.9857      -16.9857      
155           155           -0.602        -12.4424      -13.0444      -13.0444      
156           156           -5.8402       -10.9776      -16.8178      -16.8178      
157           157           -3.6837       -8.6687       -12.3524      -12.3524      
158           158           -7.3365       -9.7035       -17.04        -17.04        
159           159           -13.98        -9.9834       -23.9634      -23.9634      
160           160           -8.0465       -14.5669      -22.6134      -22.6134      
161           161           -2.3405       -10.7772      -13.1177      -13.1177      
162           162           -0.8603       -12.7561      -13.6164      -13.6164      
163           163           -15.9649      -11.3899      -27.3548      -27.3548      
164           164           -4.062        -12.6575      -16.7195      -16.7195      
165           165           -6.5398       -11.0262      -17.566       -17.566       
166           166           -13.5039      -11.7007      -25.2046      -25.2046      
167           167           -0.7547       -12.3866      -13.1413      -13.1413      
168           168           -10.9174      -14.3727      -25.2901      -25.2901      
169           169           -6.5139       -8.5104       -15.0243      -15.0243      
170           170           -6.6397       -8.7326       -15.3723      -15.3723      
171           171           -10.2268      -11.8351      -22.0619      -22.0619      
172           172           +1.103        -13.8878      -12.7848      -12.7848      
173           173           +1.6476       -8.6137       -6.9661       -6.9661       
174           174           +0.0639       -7.1633       -7.0994       -7.0994       
175           175           -3.4719       -13.0365      -16.5084      -16.5084      
176           176           -5.5494       -14.8437      -20.3931      -20.3931      
177           177           -8.9002       -10.6207      -19.5209      -19.5209      
178           178           -3.1266       -10.3827      -13.5093      -13.5093      
179           179           -0.3299       -10.3423      -10.6722      -10.6722      
180           180           +1.5453       -9.4025       -7.8572       -7.8572       
181           181           +0.1059       -14.4926      -14.3867      -14.3867      
182           182           +3.7432       -7.7076       -3.9644       -3.9644       
183           183           +4.2908       -3.3386       +0.9522       +0.9522       
184           184           +1.121        -1.3736       -0.2526       -0.2526       
185           185           -1.6562       -6.4298       -8.086        -8.086        
186           186           -11.7024      -6.8829       -18.5853      -18.5853      
187           187           -3.9657       -8.8818       -12.8475      -12.8475      
188           188           -6.4538       -8.7496       -15.2034      -15.2034      
189           189           -2.3626       -5.7846       -8.1472       -8.1472       
190           190           -8.2721       -9.0673       -17.3394      -17.3394      
191           191           -7.5357       -5.6095       -13.1452      -13.1452      
192           192           -1.6809       -9.6322       -11.3131      -11.3131      
193           193           -11.1315      -8.6681       -19.7996      -19.7996      
194           194           -9.2611       -8.3769       -17.638       -17.638       
195           195           -7.3836       -9.3527       -16.7363      -16.7363      
196           196           -8.3655       -7.3703       -15.7358      -15.7358      
197           197           -16.7958      -10.6927      -27.4885      -27.4885      
198           198           -2.9375       -8.8401       -11.7776      -11.7776      
199           199           -6.0793       -9.5477       -15.627       -15.627       
200           200           -24.9082      -12.338       -37.2462      -37.2462      
201           201           -13.1601      -10.4834      -23.6435      -23.6435      
202           202           -6.2169       -9.669        -15.8859      -15.8859      
203           203           +4.1237       -5.2218       -1.0981       -1.0981       
204           204           -8.0058       -14.6599      -22.6657      -22.6657      
205           205           -1.901        -10.2898      -12.1908      -12.1908      
206           206           -19.3164      -12.4643      -31.7807      -31.7807      
207           207           -6.112        -15.4379      -21.5499      -21.5499      
208           208           +3.5478       -14.4046      -10.8568      -10.8568      
209           209           -10.3751      -15.5675      -25.9426      -25.9426      
210           210           +3.4851       -14.9488      -11.4637      -11.4637      
211           211           -4.6182       -15.5267      -20.1449      -20.1449      
212           212           +0.8507       -14.5928      -13.7421      -13.7421      
213           213           -6.4049       -13.1048      -19.5097      -19.5097      
214           214           -14.7522      -14.8916      -29.6438      -29.6438      
215           215           -7.5872       -12.2889      -19.8761      -19.8761      
216           216           -1.6725       -9.215        -10.8875      -10.8875      
217           217           -12.4433      -10.9064      -23.3497      -23.3497      
218           218           -1.3019       -4.159        -5.4609       -5.4609       
219           219           -2.2333       -6.9944       -9.2277       -9.2277       
220           220           -9.396        -10.7263      -20.1223      -20.1223      
221           221           -7.371        -13.5007      -20.8717      -20.8717      
222           222           -8.3472       -11.873       -20.2202      -20.2202      
223           223           -4.0635       -12.4923      -16.5558      -16.5558      
224           224           -0.0841       -10.4055      -10.4896      -10.4896      
225           225           -0.3985       -11.0254      -11.4239      -11.4239      
226           226           -1.5458       -8.4264       -9.9722       -9.9722       
227           227           -15.0869      -11.5581      -26.645       -26.645       
228           228           -1.0424       -11.2031      -12.2455      -12.2455      
229           229           -13.0265      -10.6457      -23.6722      -23.6722      
230           230           -9.0378       -12.9648      -22.0026      -22.0026      
231           231           -1.8802       -13.2525      -15.1327      -15.1327      
232           232           -22.8681      -12.932       -35.8001      -35.8001      
233           233           -5.2478       -11.0978      -16.3456      -16.3456      
234           234           -8.1584       -13.4465      -21.6049      -21.6049      
235           235           -2.3526       -8.106        -10.4586      -10.4586      
236           236           -18.4708      -11.8075      -30.2783      -30.2783      
237           237           -9.3201       -13.2916      -22.6117      -22.6117      
238           238           -6.8389       -11.8157      -18.6546      -18.6546      
239           239           -17.9874      -10.9959      -28.9833      -28.9833      
240           240           -13.8663      -13.7384      -27.6047      -27.6047      
241           241           -10.2402      -11.566       -21.8062      -21.8062      
242           242           -5.7102       -7.6404       -13.3506      -13.3506      
243           243           -17.1572      -13.691       -30.8482      -30.8482      
244           244           -20.373       -12.228       -32.601       -32.601       
245           245           -7.4097       -8.6786       -16.0883      -16.0883      
246           246           -15.9473      -13.1864      -29.1337      -29.1337      
247           247           -6.8632       -11.6038      -18.467       -18.467       
248           248           -20.2041      -12.4129      -32.617       -32.617       
249           249           -27.6055      -13.0452      -40.6507      -40.6507      
250           250           -20.9619      -11.9661      -32.928       -32.928       
251           251           -2.2888       -10.3047      -12.5935      -12.5935      
252           252           +1.0084       -11.0032      -9.9948       -9.9948       
253           253           -4.0468       -11.166       -15.2128      -15.2128      
254           254           -4.4465       -10.5078      -14.9543      -14.9543      
255           255           -0.8732       -10.0246      -10.8978      -10.8978      
256           256           -6.764        -7.2882       -14.0522      -14.0522      
257           257           -3.9963       -5.8239       -9.8202       -9.8202       
258           258           -2.3443       -10.1259      -12.4702      -12.4702      
259           259           -0.9203       -9.8431       -10.7634      -10.7634      
260           260           -8.0722       -8.7659       -16.8381      -16.8381      
261           261           +0.7285       -5.3452       -4.6167       -4.6167       
262           262           -0.0498       -6.328        -6.3778       -6.3778       
263           263           +1.266        -2.6316       -1.3656       -1.3656       
264           264           +1.4691       -5.8388       -4.3697       -4.3697       
265           265           +2.0325       -3.9986       -1.9661       -1.9661       
266           266           +1.5773       -5.3779       -3.8006       -3.8006       
267           267           +1.5195       -4.6453       -3.1258       -3.1258       
268           268           +2.0815       -5.6025       -3.521        -3.521        
269           269           -0.4032       -1.2477       -1.6509       -1.6509       
270           270           +1.1773       -0.7517       +0.4256       +0.4256       
271           271           +3.7376       -1.6958       +2.0418       +2.0418       
272           272           +2.1737       -0.7178       +1.4559       +1.4559       
