Frame         Time          Elec          VdW           Nonbond       Total         
0             0             +0.1945       -0            +0.1945       +0.1945       
1             1             +0.516        -0.0004       +0.5156       +0.5156       
2             2             +1.1511       -0.0052       +1.1459       +1.1459       
3             3             +2.0423       -0.0041       +2.0382       +2.0382       
4             4             +1.363        -0.0146       +1.3484       +1.3484       
5             5             +3.7942       -0.0074       +3.7868       +3.7868       
6             6             +15.4786      -0.1388       +15.3398      +15.3398      
7             7             +5.5991       -0.0342       +5.5649       +5.5649       
8             8             -2.2623       -0.0686       -2.3309       -2.3309       
9             9             +0.6742       -0.0001       +0.6741       +0.6741       
10            10            +3.8014       -0.0091       +3.7923       +3.7923       
11            11            -0.6816       -0.0047       -0.6863       -0.6863       
12            12            -0.5413       -0.0001       -0.5414       -0.5414       
13            13            +2.5637       -0.0011       +2.5626       +2.5626       
14            14            +3.2438       -0.0064       +3.2374       +3.2374       
15            15            +1.4949       -0.001        +1.4939       +1.4939       
16            16            +2.3084       -0.0061       +2.3023       +2.3023       
17            17            +1.5472       -0.0033       +1.5439       +1.5439       
18            18            +1.1813       -0.0003       +1.181        +1.181        
19            19            -4.3044       -0.083        -4.3874       -4.3874       
20            20            -4.5514       -0.0109       -4.5623       -4.5623       
21            21            -7.9737       -0.0354       -8.0091       -8.0091       
22            22            -0.1319       -0.0026       -0.1345       -0.1345       
23            23            -5.1265       -0.0081       -5.1346       -5.1346       
24            24            -1.3737       -0.0038       -1.3775       -1.3775       
25            25            +1.0713       -0.0045       +1.0668       +1.0668       
26            26            -0.2553       -0.0001       -0.2554       -0.2554       
27            27            -0.7016       -0.0011       -0.7027       -0.7027       
28            28            -0.2849       -0.0001       -0.285        -0.285        
29            29            -0.5485       -0.0005       -0.549        -0.549        
30            30            -11.4907      -0.0308       -11.5215      -11.5215      
31            31            -7.8002       -0.0265       -7.8267       -7.8267       
32            32            +0.1233       -0            +0.1233       +0.1233       
33            33            +0.8818       -0.0091       +0.8727       +0.8727       
34            34            -0.2624       -0            -0.2624       -0.2624       
35            35            -7.3641       -0.0194       -7.3835       -7.3835       
36            36            -1.6387       -0.0008       -1.6395       -1.6395       
37            37            -2.4424       -0.0037       -2.4461       -2.4461       
38            38            +0.9915       -0.0101       +0.9814       +0.9814       
39            39            -2.7917       -0.0151       -2.8068       -2.8068       
40            40            -8.3883       -0.0641       -8.4524       -8.4524       
41            41            -2.462        -0.0352       -2.4972       -2.4972       
42            42            -1.2218       -0.0012       -1.223        -1.223        
43            43            -3.3626       -0.0067       -3.3693       -3.3693       
44            44            -1.1505       -0.0016       -1.1521       -1.1521       
45            45            +0.1109       -0.0017       +0.1092       +0.1092       
46            46            -2.7282       -0.003        -2.7312       -2.7312       
47            47            -1.1487       -0.0002       -1.1489       -1.1489       
48            48            -1.739        -0.004        -1.743        -1.743        
49            49            +0.9561       -0.0079       +0.9482       +0.9482       
50            50            -1.6415       -0.0018       -1.6433       -1.6433       
51            51            +1.4992       -0.0006       +1.4986       +1.4986       
52            52            +1.7745       -0.0041       +1.7704       +1.7704       
53            53            -0.7161       -0.0253       -0.7414       -0.7414       
54            54            +0.014        -0            +0.014        +0.014        
55            55            +0            +0            +0            +0            
56            56            -0.1408       -0            -0.1408       -0.1408       
57            57            +0.0175       -0            +0.0175       +0.0175       
58            58            -0.0058       -0            -0.0058       -0.0058       
59            59            +0            +0            +0            +0            
60            60            +0            +0            +0            +0            
61            61            +0            +0            +0            +0            
62            62            +0            +0            +0            +0            
63            63            +0            +0            +0            +0            
64            64            +0            +0            +0            +0            
65            65            +0            +0            +0            +0            
66            66            +0            +0            +0            +0            
67            67            +0.0028       -0            +0.0028       +0.0028       
68            68            +0            +0            +0            +0            
69            69            +0            +0            +0            +0            
70            70            +0            +0            +0            +0            
71            71            +0            +0            +0            +0            
72            72            +0.0055       -0            +0.0055       +0.0055       
73            73            +0            +0            +0            +0            
74            74            +0            +0            +0            +0            
75            75            +0            +0            +0            +0            
76            76            -0.2399       -0            -0.2399       -0.2399       
77            77            +0            +0            +0            +0            
78            78            +0            +0            +0            +0            
79            79            +0            +0            +0            +0            
80            80            +0            +0            +0            +0            
81            81            +0            +0            +0            +0            
82            82            +0            +0            +0            +0            
83            83            +0            +0            +0            +0            
84            84            +0            +0            +0            +0            
85            85            +0            +0            +0            +0            
86            86            +0            +0            +0            +0            
87            87            +0            +0            +0            +0            
88            88            +0            +0            +0            +0            
89            89            +0            +0            +0            +0            
90            90            +0            +0            +0            +0            
91            91            +0            +0            +0            +0            
92            92            +0            +0            +0            +0            
93            93            +0            +0            +0            +0            
94            94            +0            +0            +0            +0            
95            95            +0            +0            +0            +0            
96            96            +0            +0            +0            +0            
97            97            +0            +0            +0            +0            
98            98            +0            +0            +0            +0            
99            99            +0            +0            +0            +0            
100           100           +0            +0            +0            +0            
101           101           +0            +0            +0            +0            
102           102           +0            +0            +0            +0            
103           103           +0            +0            +0            +0            
104           104           +0            +0            +0            +0            
105           105           +0            +0            +0            +0            
106           106           +0            +0            +0            +0            
107           107           +0            +0            +0            +0            
108           108           +0            +0            +0            +0            
109           109           +0            +0            +0            +0            
110           110           +0            +0            +0            +0            
111           111           +0            +0            +0            +0            
112           112           +0            +0            +0            +0            
113           113           +0            +0            +0            +0            
114           114           +0            +0            +0            +0            
115           115           +0            +0            +0            +0            
116           116           +0            +0            +0            +0            
117           117           +0            +0            +0            +0            
118           118           +0            +0            +0            +0            
119           119           +0            +0            +0            +0            
120           120           +0            +0            +0            +0            
121           121           +0.1707       -0            +0.1707       +0.1707       
122           122           +0            +0            +0            +0            
123           123           +0            +0            +0            +0            
124           124           +0            +0            +0            +0            
125           125           +0            +0            +0            +0            
126           126           +0            +0            +0            +0            
127           127           +0            +0            +0            +0            
128           128           +0            +0            +0            +0            
129           129           +0            +0            +0            +0            
130           130           +0            +0            +0            +0            
131           131           +0            +0            +0            +0            
132           132           +0.2625       -0.0007       +0.2618       +0.2618       
133           133           +0            -0            +0            +0            
134           134           +0            +0            +0            +0            
135           135           +0            +0            +0            +0            
136           136           +0            +0            +0            +0            
137           137           +0            +0            +0            +0            
138           138           +0            +0            +0            +0            
139           139           +0            +0            +0            +0            
140           140           +0            +0            +0            +0            
141           141           +0            +0            +0            +0            
142           142           +0            +0            +0            +0            
143           143           +0            +0            +0            +0            
144           144           +0            +0            +0            +0            
145           145           +0.0102       -0            +0.0102       +0.0102       
146           146           +0            +0            +0            +0            
147           147           +0            +0            +0            +0            
148           148           +0            +0            +0            +0            
149           149           +0            +0            +0            +0            
150           150           +0.0609       -0            +0.0609       +0.0609       
151           151           +0            +0            +0            +0            
152           152           +0            +0            +0            +0            
153           153           +0            +0            +0            +0            
154           154           +0            +0            +0            +0            
155           155           +0            +0            +0            +0            
156           156           +0            +0            +0            +0            
157           157           +0            +0            +0            +0            
158           158           +0.1036       -0.0001       +0.1035       +0.1035       
159           159           -0.0134       -0            -0.0134       -0.0134       
160           160           +0.2221       -0            +0.2221       +0.2221       
161           161           +0.3008       -0            +0.3008       +0.3008       
162           162           +0            +0            +0            +0            
163           163           -0.0674       -0            -0.0674       -0.0674       
164           164           +1.8548       -0.0026       +1.8522       +1.8522       
165           165           +7.2923       -0.0257       +7.2666       +7.2666       
166           166           -0.0888       -0.0001       -0.0889       -0.0889       
167           167           +0.3063       -0.0003       +0.306        +0.306        
168           168           +1.9832       -0.0021       +1.9811       +1.9811       
169           169           +3.6029       -0.0034       +3.5995       +3.5995       
170           170           +1.0226       -0.0005       +1.0221       +1.0221       
171           171           +18.6586      -0.0506       +18.608       +18.608       
172           172           +25.3307      -0.0584       +25.2723      +25.2723      
173           173           +21.1743      -0.1519       +21.0224      +21.0224      
174           174           +19.8415      -0.1149       +19.7266      +19.7266      
175           175           +5.2427       -0.0206       +5.2221       +5.2221       
176           176           +13.9581      -0.2943       +13.6638      +13.6638      
177           177           +0.9248       -0.0002       +0.9246       +0.9246       
178           178           +0.1775       -0            +0.1775       +0.1775       
179           179           +14.6346      -0.0506       +14.584       +14.584       
180           180           +8.6408       -0.0272       +8.6136       +8.6136       
181           181           -3.2803       -0.0166       -3.2969       -3.2969       
182           182           +3.1201       -0.003        +3.1171       +3.1171       
183           183           +8.5099       -0.0167       +8.4932       +8.4932       
184           184           +0.9935       -0.0011       +0.9924       +0.9924       
185           185           +0            +0            +0            +0            
186           186           +0            +0            +0            +0            
187           187           +0            +0            +0            +0            
188           188           +0.0147       -0            +0.0147       +0.0147       
189           189           +0.0709       -0.0003       +0.0706       +0.0706       
190           190           +0.8567       -0.0007       +0.856        +0.856        
191           191           +6.5041       -0.0237       +6.4804       +6.4804       
192           192           +5.9414       -0.0228       +5.9186       +5.9186       
193           193           +2.2665       -0.0077       +2.2588       +2.2588       
194           194           +4.0611       -0.0087       +4.0524       +4.0524       
195           195           -4.3822       -0.0136       -4.3958       -4.3958       
196           196           +0.0296       -0            +0.0296       +0.0296       
197           197           +0.0551       -0            +0.0551       +0.0551       
198           198           +0            +0            +0            +0            
199           199           +0            +0            +0            +0            
200           200           +0.6065       -0.0001       +0.6064       +0.6064       
201           201           +0            +0            +0            +0            
202           202           +0            +0            +0            +0            
203           203           +0            +0            +0            +0            
204           204           +0            +0            +0            +0            
205           205           +0            +0            +0            +0            
206           206           +0            +0            +0            +0            
207           207           +0            +0            +0            +0            
208           208           +0            +0            +0            +0            
209           209           +0            +0            +0            +0            
210           210           +0            +0            +0            +0            
211           211           +0            +0            +0            +0            
212           212           +0            +0            +0            +0            
213           213           +0            +0            +0            +0            
214           214           +0            +0            +0            +0            
215           215           +0            +0            +0            +0            
216           216           +0            +0            +0            +0            
217           217           +0            +0            +0            +0            
218           218           +0            +0            +0            +0            
219           219           +0            +0            +0            +0            
220           220           +0            +0            +0            +0            
221           221           +0            +0            +0            +0            
222           222           +0.0298       -0.0003       +0.0295       +0.0295       
223           223           +1.1916       -0.0245       +1.1671       +1.1671       
224           224           +1.0415       -0.0177       +1.0238       +1.0238       
225           225           +2.4804       -0.0031       +2.4773       +2.4773       
226           226           -2.6009       -0.018        -2.6189       -2.6189       
227           227           +0.1695       -0            +0.1695       +0.1695       
228           228           -3.5428       -0.0098       -3.5526       -3.5526       
229           229           -7.708        -0.1818       -7.8898       -7.8898       
230           230           -0.1255       -0            -0.1255       -0.1255       
231           231           -0.259        -0.0005       -0.2595       -0.2595       
232           232           +0            +0            +0            +0            
233           233           +0            +0            +0            +0            
234           234           -0.0004       -0            -0.0004       -0.0004       
235           235           +0            +0            +0            +0            
236           236           -0.0145       -0            -0.0145       -0.0145       
237           237           +0            +0            +0            +0            
238           238           -0.0085       -0            -0.0085       -0.0085       
239           239           +0.0172       -0            +0.0172       +0.0172       
240           240           -0.2986       -0.0017       -0.3003       -0.3003       
241           241           -0.0805       -0.0035       -0.084        -0.084        
242           242           -2.0457       -0.1211       -2.1668       -2.1668       
243           243           +6.0005       -0.3964       +5.6041       +5.6041       
244           244           -1.8158       -0.0278       -1.8436       -1.8436       
245           245           -3.2267       -0.1413       -3.368        -3.368        
246           246           -4.1756       -0.6754       -4.851        -4.851        
247           247           -8.2082       -0.1524       -8.3606       -8.3606       
248           248           -0.4598       -0.0023       -0.4621       -0.4621       
249           249           -0.2699       -0.0009       -0.2708       -0.2708       
250           250           +0.3191       -0.001        +0.3181       +0.3181       
251           251           -1.3824       -0.0219       -1.4043       -1.4043       
252           252           -10.9384      -1.2412       -12.1796      -12.1796      
253           253           -6.9993       -0.2557       -7.255        -7.255        
254           254           -0.1105       -0.0545       -0.165        -0.165        
255           255           -5.1669       -0.1416       -5.3085       -5.3085       
256           256           -11.5575      -0.3223       -11.8798      -11.8798      
257           257           +10.4175      -0.274        +10.1435      +10.1435      
258           258           +12.2311      -3.0997       +9.1314       +9.1314       
259           259           -5.4774       -1.0877       -6.5651       -6.5651       
260           260           +18.9834      -0.4822       +18.5012      +18.5012      
261           261           +1.705        -0.5958       +1.1092       +1.1092       
262           262           -18.2988      -0.2372       -18.536       -18.536       
263           263           -6.6148       -0.208        -6.8228       -6.8228       
264           264           +10.5689      -0.1673       +10.4016      +10.4016      
265           265           +0.7477       -0.1445       +0.6032       +0.6032       
266           266           -5.6905       -0.1462       -5.8367       -5.8367       
267           267           -0.2974       -0.2194       -0.5168       -0.5168       
268           268           +9.8475       -0.332        +9.5155       +9.5155       
269           269           -3.1833       -0.7338       -3.9171       -3.9171       
270           270           -1.7973       -0.0042       -1.8015       -1.8015       
271           271           -0.284        -0.0402       -0.3242       -0.3242       
272           272           -0.1268       -0.0004       -0.1272       -0.1272       
