Frame         Time          Elec          VdW           Nonbond       Total         
0             0             -605.95       -121.185      -727.136      -727.136      
1             1             -813.11       -126.217      -939.327      -939.327      
2             2             -762.404      -116.779      -879.183      -879.183      
3             3             -930.639      -138.604      -1069.24      -1069.24      
4             4             -875.003      -116.098      -991.101      -991.101      
5             5             -777.689      -102.846      -880.535      -880.535      
6             6             -831.02       -127.005      -958.025      -958.025      
7             7             -886.012      -133.18       -1019.19      -1019.19      
8             8             -662.199      -110.706      -772.905      -772.905      
9             9             -588.572      -118.804      -707.376      -707.376      
10            10            -724.516      -129.738      -854.254      -854.254      
11            11            -837.54       -103.821      -941.361      -941.361      
12            12            -792.098      -99.6193      -891.718      -891.718      
13            13            -649.62       -90.4341      -740.054      -740.054      
14            14            -627.715      -100.637      -728.352      -728.352      
15            15            -674.113      -95.0706      -769.183      -769.183      
16            16            -716.511      -102.633      -819.144      -819.144      
17            17            -685.383      -99.2534      -784.637      -784.637      
18            18            -844.746      -90.8456      -935.592      -935.592      
19            19            -691.645      -101.65       -793.295      -793.295      
20            20            -784.354      -89.2914      -873.645      -873.645      
21            21            -878.042      -65.4584      -943.5        -943.5        
22            22            -701.504      -78.803       -780.307      -780.307      
23            23            -528.473      -53.1736      -581.646      -581.646      
24            24            -641.088      -55.7998      -696.888      -696.888      
25            25            -413.76       -64.7526      -478.513      -478.513      
26            26            -624.292      -64.0702      -688.362      -688.362      
27            27            -458.745      -66.018       -524.763      -524.763      
28            28            -463.508      -36.2356      -499.743      -499.743      
29            29            -340.323      -41.8176      -382.14       -382.14       
30            30            -490.502      -36.3744      -526.877      -526.877      
31            31            -343.68       -38.281       -381.961      -381.961      
32            32            -441.814      -40.0923      -481.907      -481.907      
33            33            -284.929      -45.478       -330.407      -330.407      
34            34            -155.351      -39.2317      -194.582      -194.582      
35            35            -245.839      -27.7423      -273.582      -273.582      
36            36            -178.315      -37.9176      -216.232      -216.232      
37            37            -88.0358      -30.2237      -118.26       -118.26       
38            38            -218.684      -36.1249      -254.808      -254.808      
39            39            -143.151      -23.8428      -166.993      -166.993      
40            40            -315.801      -33.9626      -349.763      -349.763      
41            41            -237.748      -32.3024      -270.05       -270.05       
42            42            -301.605      -32.8947      -334.499      -334.499      
43            43            -262.444      -30.1737      -292.618      -292.618      
44            44            -349.353      -31.1402      -380.493      -380.493      
45            45            -461.331      -31.2069      -492.538      -492.538      
46            46            -480.768      -46.942       -527.71       -527.71       
47            47            -372.854      -39.3517      -412.206      -412.206      
48            48            -260.333      -34.8587      -295.192      -295.192      
49            49            -190.805      -32.6949      -223.5        -223.5        
50            50            -388.687      -43.6102      -432.297      -432.297      
51            51            -325.191      -36.7965      -361.987      -361.987      
52            52            -350.489      -36.6886      -387.178      -387.178      
53            53            -557.541      -42.0747      -599.616      -599.616      
54            54            -394.833      -56.8481      -451.681      -451.681      
55            55            -267.305      -48.1877      -315.492      -315.492      
56            56            -410.127      -60.5778      -470.705      -470.705      
57            57            -317.546      -55.9773      -373.524      -373.524      
58            58            -469.867      -49.5188      -519.385      -519.385      
59            59            -494.043      -60.2608      -554.304      -554.304      
60            60            -478.076      -56.8892      -534.965      -534.965      
61            61            -465.518      -44.9684      -510.487      -510.487      
62            62            -572.372      -47.1552      -619.527      -619.527      
63            63            -375.571      -40.152       -415.723      -415.723      
64            64            -416.894      -52.3784      -469.272      -469.272      
65            65            -335.095      -49.2468      -384.342      -384.342      
66            66            -327.246      -44.1958      -371.442      -371.442      
67            67            -230.386      -40.7996      -271.185      -271.185      
68            68            -235.939      -39.8715      -275.81       -275.81       
69            69            -375.057      -46.0933      -421.15       -421.15       
70            70            -285.68       -47.9112      -333.591      -333.591      
71            71            -476.062      -43.9805      -520.042      -520.042      
72            72            -413.318      -57.2805      -470.599      -470.599      
73            73            -375.388      -37.0333      -412.421      -412.421      
74            74            -344.406      -63.2686      -407.675      -407.675      
75            75            -305.615      -64.8936      -370.508      -370.508      
76            76            -548.286      -58.2988      -606.585      -606.585      
77            77            -343.456      -78.9587      -422.415      -422.415      
78            78            -465.826      -67.069       -532.895      -532.895      
79            79            -555.232      -67.0949      -622.327      -622.327      
80            80            -459.707      -75.5855      -535.292      -535.292      
81            81            -486.516      -63.5616      -550.077      -550.077      
82            82            -350.421      -58.5702      -408.991      -408.991      
83            83            -419.189      -52.5194      -471.708      -471.708      
84            84            -497.236      -43.6729      -540.909      -540.909      
85            85            -614.445      -58.4789      -672.923      -672.923      
86            86            -623.854      -60.4692      -684.323      -684.323      
87            87            -299.175      -54.2257      -353.401      -353.401      
88            88            -179.817      -37.8455      -217.663      -217.663      
89            89            -381.45       -32.6028      -414.052      -414.052      
90            90            -340.919      -42.2336      -383.153      -383.153      
91            91            -456.075      -33.8708      -489.946      -489.946      
92            92            -337.8        -33.9649      -371.765      -371.765      
93            93            -264.673      -38.4363      -303.109      -303.109      
94            94            -211.91       -27.6394      -239.549      -239.549      
95            95            -210.692      -35.0964      -245.789      -245.789      
96            96            -225.278      -23.7224      -249.001      -249.001      
97            97            -166.534      -36.3838      -202.918      -202.918      
98            98            -262.047      -36.1724      -298.219      -298.219      
99            99            -185.883      -27.0544      -212.937      -212.937      
100           100           -121.265      -26.709       -147.974      -147.974      
101           101           -0.0698       -17.5939      -17.6637      -17.6637      
102           102           -143.839      -24.6975      -168.537      -168.537      
103           103           -97.6576      -28.7853      -126.443      -126.443      
104           104           -234.858      -33.8942      -268.752      -268.752      
105           105           -122.287      -21.7458      -144.033      -144.033      
106           106           -161.237      -18.7278      -179.965      -179.965      
107           107           -77.1062      -18.2381      -95.3443      -95.3443      
108           108           -128.426      -34.4467      -162.873      -162.873      
109           109           -309.922      -27.7645      -337.687      -337.687      
110           110           -377.185      -32.3958      -409.581      -409.581      
111           111           -455.407      -53.2106      -508.617      -508.617      
112           112           -349.681      -40.1262      -389.807      -389.807      
113           113           -526.217      -55.257       -581.474      -581.474      
114           114           -426.976      -39.547       -466.523      -466.523      
115           115           -331.314      -43.5295      -374.843      -374.843      
116           116           -382.379      -45.4084      -427.788      -427.788      
117           117           -253.931      -52.3119      -306.243      -306.243      
118           118           -317.71       -38.892       -356.602      -356.602      
119           119           -322.745      -51.5274      -374.272      -374.272      
120           120           -369.869      -59.5332      -429.402      -429.402      
121           121           -515.151      -51.4001      -566.551      -566.551      
122           122           -548.727      -43.8953      -592.622      -592.622      
123           123           -519.088      -71.821       -590.909      -590.909      
124           124           -676.545      -75.9867      -752.531      -752.531      
125           125           -866.455      -67.7226      -934.178      -934.178      
126           126           -585.113      -62.7354      -647.849      -647.849      
127           127           -521.454      -51.5291      -572.983      -572.983      
128           128           -505.236      -40.0207      -545.256      -545.256      
129           129           -604.723      -65.0275      -669.751      -669.751      
130           130           -650.097      -67.1546      -717.251      -717.251      
131           131           -452.225      -58.3695      -510.595      -510.595      
132           132           -565.628      -65.8214      -631.449      -631.449      
133           133           -605.302      -72.0736      -677.376      -677.376      
134           134           -631.797      -58.8984      -690.696      -690.696      
135           135           -542.601      -59.5786      -602.18       -602.18       
136           136           -524.582      -46.1299      -570.711      -570.711      
137           137           -436.65       -73.295       -509.945      -509.945      
138           138           -356.489      -53.895       -410.384      -410.384      
139           139           -510.36       -71.3054      -581.665      -581.665      
140           140           -503.325      -67.3016      -570.626      -570.626      
141           141           -400.179      -72.1203      -472.299      -472.299      
142           142           -445.231      -71.6509      -516.882      -516.882      
143           143           -583.021      -60.9639      -643.985      -643.985      
144           144           -403.017      -69.1658      -472.183      -472.183      
145           145           -301.045      -59.851       -360.896      -360.896      
146           146           -367.994      -53.7601      -421.754      -421.754      
147           147           -494.527      -68.7222      -563.249      -563.249      
148           148           -470.013      -64.9884      -535.001      -535.001      
149           149           -609.939      -75.6219      -685.561      -685.561      
150           150           -604.466      -71.8181      -676.284      -676.284      
151           151           -691.164      -74.6765      -765.841      -765.841      
152           152           -562.256      -78.9551      -641.211      -641.211      
153           153           -466.793      -81.8194      -548.612      -548.612      
154           154           -446.996      -69.0423      -516.039      -516.039      
155           155           -629.776      -89.4546      -719.23       -719.23       
156           156           -560.352      -62.8288      -623.181      -623.181      
157           157           -430.852      -77.7896      -508.642      -508.642      
158           158           -613.2        -63.0324      -676.232      -676.232      
159           159           -162.934      -62.5142      -225.448      -225.448      
160           160           -399.114      -51.8674      -450.981      -450.981      
161           161           -521.892      -69.8447      -591.736      -591.736      
162           162           -542.27       -54.9756      -597.246      -597.246      
163           163           -523.983      -70.8082      -594.792      -594.792      
164           164           -215.605      -53.2293      -268.834      -268.834      
165           165           -495.349      -51.5104      -546.86       -546.86       
166           166           -606.42       -80.5519      -686.972      -686.972      
167           167           -671.841      -69.8631      -741.704      -741.704      
168           168           -617.725      -47.3831      -665.108      -665.108      
169           169           -551.944      -63.4815      -615.426      -615.426      
170           170           -416.928      -54.4478      -471.376      -471.376      
171           171           -475.042      -38.5466      -513.588      -513.588      
172           172           -433.552      -43.9452      -477.497      -477.497      
173           173           -597.817      -38.5908      -636.408      -636.408      
174           174           -657.577      -75.1826      -732.759      -732.759      
175           175           -674.828      -68.0603      -742.888      -742.888      
176           176           -676.822      -52.2784      -729.1        -729.1        
177           177           -696.823      -85.4133      -782.237      -782.237      
178           178           -566.624      -64.9229      -631.547      -631.547      
179           179           -394.22       -89.9876      -484.207      -484.207      
180           180           -680.479      -77.162       -757.641      -757.641      
181           181           -559.929      -78.5301      -638.459      -638.459      
182           182           -505.934      -71.2726      -577.207      -577.207      
183           183           -454.025      -64.1965      -518.221      -518.221      
184           184           -590.407      -48.3641      -638.771      -638.771      
185           185           -425.49       -68.1285      -493.618      -493.618      
186           186           -484.327      -60.4408      -544.767      -544.767      
187           187           -457.141      -72.5643      -529.705      -529.705      
188           188           -382.501      -69.2629      -451.764      -451.764      
189           189           -480.274      -80.1981      -560.472      -560.472      
190           190           -384.369      -80.0414      -464.411      -464.411      
191           191           -449.372      -68.115       -517.487      -517.487      
192           192           -426.154      -71.7713      -497.925      -497.925      
193           193           -595.881      -70.5137      -666.394      -666.394      
194           194           -631.951      -64.0112      -695.962      -695.962      
195           195           -573.241      -63.7513      -636.993      -636.993      
196           196           -437.482      -80.2691      -517.751      -517.751      
197           197           -550.589      -75.2762      -625.865      -625.865      
198           198           -653.087      -78.0465      -731.133      -731.133      
199           199           -492.954      -69.2024      -562.157      -562.157      
200           200           -592.004      -89.7026      -681.706      -681.706      
201           201           -517.2        -80.3703      -597.57       -597.57       
202           202           -534.498      -75.6209      -610.119      -610.119      
203           203           -502.049      -74.6875      -576.736      -576.736      
204           204           -473.274      -58.2898      -531.564      -531.564      
205           205           -472.405      -58.99        -531.395      -531.395      
206           206           -500.324      -74.8293      -575.153      -575.153      
207           207           -625.71       -76.157       -701.867      -701.867      
208           208           -488.045      -60.6889      -548.733      -548.733      
209           209           -475.887      -77.0888      -552.976      -552.976      
210           210           -400.733      -75.2353      -475.969      -475.969      
211           211           -526.826      -77.0953      -603.922      -603.922      
212           212           -393.106      -58.4673      -451.574      -451.574      
213           213           -431.934      -59.5081      -491.442      -491.442      
214           214           -339.522      -49.7485      -389.27       -389.27       
215           215           -158.154      -32.0011      -190.155      -190.155      
216           216           -116.063      -21.5457      -137.608      -137.608      
217           217           -164.028      -39.2159      -203.244      -203.244      
218           218           -317.174      -33.2773      -350.452      -350.452      
219           219           -468.282      -41.9798      -510.261      -510.261      
220           220           -186.785      -27.6061      -214.391      -214.391      
221           221           -159.507      -18.6942      -178.201      -178.201      
222           222           -217.254      -35.4284      -252.683      -252.683      
223           223           -215.242      -47.608       -262.85       -262.85       
224           224           -279.91       -45.0929      -325.003      -325.003      
225           225           -109.141      -41.7351      -150.877      -150.877      
226           226           -207.878      -21.2113      -229.089      -229.089      
227           227           -205.315      -41.9221      -247.237      -247.237      
228           228           -500.322      -30.452       -530.774      -530.774      
229           229           -452.443      -27.897       -480.34       -480.34       
230           230           -296.681      -40.7052      -337.386      -337.386      
231           231           -418.922      -42.2249      -461.147      -461.147      
232           232           -436.411      -29.9423      -466.354      -466.354      
233           233           -718.896      -40.8119      -759.708      -759.708      
234           234           -593.457      -54.7826      -648.24       -648.24       
235           235           -597.161      -57.0369      -654.198      -654.198      
236           236           -639.686      -74.6947      -714.38       -714.38       
237           237           -503.039      -56.2462      -559.286      -559.286      
238           238           -482.569      -67.4326      -550.001      -550.001      
239           239           -391.574      -80.564       -472.138      -472.138      
240           240           -496.33       -37.9873      -534.317      -534.317      
241           241           -307.678      -39.3929      -347.071      -347.071      
242           242           -456.194      -50.5511      -506.745      -506.745      
243           243           -495.043      -42.3277      -537.371      -537.371      
244           244           -457.852      -41.1294      -498.981      -498.981      
245           245           -413.18       -35.6304      -448.81       -448.81       
246           246           -338.107      -37.25        -375.357      -375.357      
247           247           -222.465      -32.1692      -254.634      -254.634      
248           248           -229.778      -30.8208      -260.599      -260.599      
249           249           -289.754      -39.5997      -329.354      -329.354      
250           250           -338.514      -25.7869      -364.301      -364.301      
251           251           -23.0759      -20.6882      -43.7641      -43.7641      
252           252           +76.3322      -17.6533      +58.6789      +58.6789      
253           253           +47.981       -17.1828      +30.7982      +30.7982      
254           254           +73.1974      -12.5398      +60.6576      +60.6576      
255           255           -273.271      -13.5455      -286.816      -286.816      
256           256           -263.078      -20.3837      -283.462      -283.462      
257           257           -252.879      -23.7681      -276.647      -276.647      
258           258           -93.5008      -19.6352      -113.136      -113.136      
259           259           -171.14       -20.7277      -191.868      -191.868      
260           260           -265.02       -16.446       -281.466      -281.466      
261           261           -124.355      -31.7583      -156.114      -156.114      
262           262           -262.23       -34.9002      -297.13       -297.13       
263           263           -190.993      -30.3363      -221.329      -221.329      
264           264           -237.496      -29.998       -267.494      -267.494      
265           265           -15.1564      -34.3085      -49.4649      -49.4649      
266           266           -107.761      -19.4711      -127.232      -127.232      
267           267           -176.375      -31.4271      -207.802      -207.802      
268           268           -461.757      -39.1257      -500.882      -500.882      
269           269           -515.836      -28.4942      -544.33       -544.33       
270           270           -339.808      -38.8136      -378.622      -378.622      
271           271           -438.284      -44.8654      -483.149      -483.149      
272           272           -390.113      -41.4761      -431.589      -431.589      
