Frame         Time          Elec          VdW           Nonbond       Total         
0             0             +1.1142       -2.7289       -1.6147       -1.6147       
1             1             +2.1317       -1.7417       +0.39         +0.39         
2             2             -0.8451       -3.8074       -4.6525       -4.6525       
3             3             +1.3628       -0.2756       +1.0872       +1.0872       
4             4             +1.2487       -0.0928       +1.1559       +1.1559       
5             5             +1.7107       -0.2025       +1.5082       +1.5082       
6             6             +0.0803       -0.4021       -0.3218       -0.3218       
7             7             +0.4139       -0.0756       +0.3383       +0.3383       
8             8             +0.4711       -0.0066       +0.4645       +0.4645       
9             9             +0.0103       -0            +0.0103       +0.0103       
10            10            +0.6543       -0.0181       +0.6362       +0.6362       
11            11            +0.3174       -0.0022       +0.3152       +0.3152       
12            12            +0.3529       -0.0075       +0.3454       +0.3454       
13            13            +0.1291       -0.0062       +0.1229       +0.1229       
14            14            +0.243        -0.0241       +0.2189       +0.2189       
15            15            +0.3522       -0.0152       +0.337        +0.337        
16            16            +0.0786       -0.0005       +0.0781       +0.0781       
17            17            +0.0654       -0.0002       +0.0652       +0.0652       
18            18            +0.2779       -0.0032       +0.2747       +0.2747       
19            19            +0.2419       -0.0014       +0.2405       +0.2405       
20            20            -0.0017       -0.0001       -0.0018       -0.0018       
21            21            -0.9837       -0.3943       -1.378        -1.378        
22            22            +0.614        -6.9524       -6.3384       -6.3384       
23            23            -1.8648       -0.7253       -2.5901       -2.5901       
24            24            -1.7704       -0.3166       -2.087        -2.087        
25            25            +0.5254       -0.0825       +0.4429       +0.4429       
26            26            +2.1434       -1.9567       +0.1867       +0.1867       
27            27            -5.5559       -5.6817       -11.2376      -11.2376      
28            28            -3.8751       -4.8369       -8.712        -8.712        
29            29            -1.716        -2.5746       -4.2906       -4.2906       
30            30            +5.0986       -1.4082       +3.6904       +3.6904       
31            31            -4.0446       -2.8989       -6.9435       -6.9435       
32            32            -0.917        -2.9057       -3.8227       -3.8227       
33            33            -3.0823       -3.2106       -6.2929       -6.2929       
34            34            -2.3576       -4.3262       -6.6838       -6.6838       
35            35            +2.0464       -2.2564       -0.21         -0.21         
36            36            -0.1518       -2.6674       -2.8192       -2.8192       
37            37            -0.1699       -0.7848       -0.9547       -0.9547       
38            38            -0.2237       -1.423        -1.6467       -1.6467       
39            39            -4.5615       -3.5382       -8.0997       -8.0997       
40            40            -0.6719       -4.7356       -5.4075       -5.4075       
41            41            -3.2239       -1.6915       -4.9154       -4.9154       
42            42            -3.5424       -4.1511       -7.6935       -7.6935       
43            43            -3.0143       -5.1703       -8.1846       -8.1846       
44            44            -0.7279       -2.198        -2.9259       -2.9259       
45            45            -0.1117       -4.3638       -4.4755       -4.4755       
46            46            -2.0362       -3.2471       -5.2833       -5.2833       
47            47            -1.6949       -3.3684       -5.0633       -5.0633       
48            48            +1.7611       -3.1977       -1.4366       -1.4366       
49            49            -3.4045       -2.673        -6.0775       -6.0775       
50            50            +0.4387       -1.847        -1.4083       -1.4083       
51            51            -6.131        -4.2723       -10.4033      -10.4033      
52            52            -4.9361       -4.7096       -9.6457       -9.6457       
53            53            +2.9997       -0.2131       +2.7866       +2.7866       
54            54            +0.5277       -1.4544       -0.9267       -0.9267       
55            55            -3.4951       -4.5549       -8.05         -8.05         
56            56            -3.1162       -7.0613       -10.1775      -10.1775      
57            57            +1.2086       -3.5374       -2.3288       -2.3288       
58            58            -0.1041       -4.1306       -4.2347       -4.2347       
59            59            -12.9986      -4.8276       -17.8262      -17.8262      
60            60            -8.3424       -6.0037       -14.3461      -14.3461      
61            61            -5.3422       -6.9964       -12.3386      -12.3386      
62            62            -10.427       -5.5469       -15.9739      -15.9739      
63            63            -6.1975       -7.0559       -13.2534      -13.2534      
64            64            -5.034        -10.1776      -15.2116      -15.2116      
65            65            -3.7842       -3.8078       -7.592        -7.592        
66            66            -2.3836       -4.2196       -6.6032       -6.6032       
67            67            -7.8491       -10.5142      -18.3633      -18.3633      
68            68            -5.6056       -8.3378       -13.9434      -13.9434      
69            69            -3.7704       -13.16        -16.9304      -16.9304      
70            70            +0.3223       -10.1951      -9.8728       -9.8728       
71            71            -2.6371       -10.923       -13.5601      -13.5601      
72            72            -4.8769       -14.8011      -19.678       -19.678       
73            73            +3.5848       -12.7925      -9.2077       -9.2077       
74            74            -6.1772       -14.8081      -20.9853      -20.9853      
75            75            -2.2877       -16.1138      -18.4015      -18.4015      
76            76            -9.7207       -13.8567      -23.5774      -23.5774      
77            77            -3.4249       -13.3656      -16.7905      -16.7905      
78            78            -3.7838       -12.0594      -15.8432      -15.8432      
79            79            -9.2966       -12.2141      -21.5107      -21.5107      
80            80            -9.3176       -12.9148      -22.2324      -22.2324      
81            81            -6.2486       -12.8641      -19.1127      -19.1127      
82            82            -0.7845       -14.8475      -15.632       -15.632       
83            83            -1.9469       -16.7715      -18.7184      -18.7184      
84            84            -5.0189       -12.543       -17.5619      -17.5619      
85            85            +2.3789       -15.7419      -13.363       -13.363       
86            86            +1.7782       -16.1861      -14.4079      -14.4079      
87            87            -3.6875       -13.0258      -16.7133      -16.7133      
88            88            -10.4765      -11.6649      -22.1414      -22.1414      
89            89            -3.9924       -11.3582      -15.3506      -15.3506      
90            90            -1.966        -8.9475       -10.9135      -10.9135      
91            91            -6.2596       -12.3672      -18.6268      -18.6268      
92            92            -4.8386       -13.5615      -18.4001      -18.4001      
93            93            -0.6607       -14.2354      -14.8961      -14.8961      
94            94            -0.8387       -16.3013      -17.14        -17.14        
95            95            -7.1058       -14.7214      -21.8272      -21.8272      
96            96            -3.7022       -14.9738      -18.676       -18.676       
97            97            -5.9367       -15.5833      -21.52        -21.52        
98            98            +0.1558       -17.2013      -17.0455      -17.0455      
99            99            -6.2381       -17.6023      -23.8404      -23.8404      
100           100           -6.0999       -15.3122      -21.4121      -21.4121      
101           101           -0.5115       -15.2984      -15.8099      -15.8099      
102           102           -5.9066       -15.6877      -21.5943      -21.5943      
103           103           -10.4495      -17.3185      -27.768       -27.768       
104           104           -6.4239       -13.5922      -20.0161      -20.0161      
105           105           -4.718        -14.9546      -19.6726      -19.6726      
106           106           -6.1652       -15.4308      -21.596       -21.596       
107           107           -2.2715       -13.6982      -15.9697      -15.9697      
108           108           -7.9314       -14.5755      -22.5069      -22.5069      
109           109           -4.9664       -14.536       -19.5024      -19.5024      
110           110           -7.7825       -14.4451      -22.2276      -22.2276      
111           111           -7.3493       -16.6151      -23.9644      -23.9644      
112           112           -5.3154       -16.7433      -22.0587      -22.0587      
113           113           -7.4325       -16.4154      -23.8479      -23.8479      
114           114           -8.3043       -17.7141      -26.0184      -26.0184      
115           115           -8.5209       -18.4418      -26.9627      -26.9627      
116           116           -5.8618       -11.9064      -17.7682      -17.7682      
117           117           -4.903        -14.8432      -19.7462      -19.7462      
118           118           -7.5408       -17.1187      -24.6595      -24.6595      
119           119           +0.3914       -14.7937      -14.4023      -14.4023      
120           120           -3.1012       -15.7111      -18.8123      -18.8123      
121           121           -3.7678       -15.7197      -19.4875      -19.4875      
122           122           -4.1039       -16.1551      -20.259       -20.259       
123           123           -6.647        -13.3646      -20.0116      -20.0116      
124           124           +1.4961       -17.3231      -15.827       -15.827       
125           125           -1.9314       -14.612       -16.5434      -16.5434      
126           126           +3.8643       -15.3807      -11.5164      -11.5164      
127           127           +0.9641       -12.6491      -11.685       -11.685       
128           128           -3.6842       -12.5191      -16.2033      -16.2033      
129           129           -3.1177       -14.7473      -17.865       -17.865       
130           130           +1.0878       -17.3069      -16.2191      -16.2191      
131           131           -1.4176       -13.7167      -15.1343      -15.1343      
132           132           -0.3703       -14.8944      -15.2647      -15.2647      
133           133           -7.3722       -12.2651      -19.6373      -19.6373      
134           134           -7.2996       -14.1341      -21.4337      -21.4337      
135           135           -2.7442       -16.0305      -18.7747      -18.7747      
136           136           +3.7167       -19.0703      -15.3536      -15.3536      
137           137           +5.3261       -16.5174      -11.1913      -11.1913      
138           138           +6.0626       -16.7323      -10.6697      -10.6697      
139           139           +1.2441       -13.7134      -12.4693      -12.4693      
140           140           +5.6887       -16.1348      -10.4461      -10.4461      
141           141           +5.6998       -17.2137      -11.5139      -11.5139      
142           142           +4.8372       -15.6471      -10.8099      -10.8099      
143           143           +3.5481       -15.5356      -11.9875      -11.9875      
144           144           +4.5703       -14.3968      -9.8265       -9.8265       
145           145           +2.8073       -18.964       -16.1567      -16.1567      
146           146           +6.8025       -17.1904      -10.3879      -10.3879      
147           147           +4.6569       -14.9665      -10.3096      -10.3096      
148           148           +0.9111       -17.1414      -16.2303      -16.2303      
149           149           -4.028        -10.4754      -14.5034      -14.5034      
150           150           +7.9416       -16.4369      -8.4953       -8.4953       
151           151           +2.1988       -17.7833      -15.5845      -15.5845      
152           152           +6.2771       -18.2133      -11.9362      -11.9362      
153           153           +5.725        -17.5599      -11.8349      -11.8349      
154           154           +3.1564       -13.5487      -10.3923      -10.3923      
155           155           +8.1926       -10.3392      -2.1466       -2.1466       
156           156           -0.8686       -14.299       -15.1676      -15.1676      
157           157           +0.7086       -17.0689      -16.3603      -16.3603      
158           158           +2.8811       -20.1923      -17.3112      -17.3112      
159           159           +2.7871       -15.9649      -13.1778      -13.1778      
160           160           -2.1033       -9.8033       -11.9066      -11.9066      
161           161           +4.5555       -17.0524      -12.4969      -12.4969      
162           162           +8.477        -18.8544      -10.3774      -10.3774      
163           163           +5.1701       -17.6118      -12.4417      -12.4417      
164           164           +12.6046      -20.6541      -8.0495       -8.0495       
165           165           +7.4685       -16.4079      -8.9394       -8.9394       
166           166           +4.6161       -17.9082      -13.2921      -13.2921      
167           167           +10.1668      -15.1109      -4.9441       -4.9441       
168           168           +1.4385       -15.3875      -13.949       -13.949       
169           169           +6.2992       -18.1162      -11.817       -11.817       
170           170           -1.9963       -16.5705      -18.5668      -18.5668      
171           171           +1.995        -13.3491      -11.3541      -11.3541      
172           172           +1.6922       -18.5035      -16.8113      -16.8113      
173           173           +5.1349       -12.2348      -7.0999       -7.0999       
174           174           +1.9577       -16.9376      -14.9799      -14.9799      
175           175           -1.5952       -16.198       -17.7932      -17.7932      
176           176           +1.4086       -18.8035      -17.3949      -17.3949      
177           177           +3.3834       -16.5323      -13.1489      -13.1489      
178           178           +7.7957       -19.8756      -12.0799      -12.0799      
179           179           +5.1772       -13.6956      -8.5184       -8.5184       
180           180           +8.3831       -14.1337      -5.7506       -5.7506       
181           181           +9.7947       -12.1799      -2.3852       -2.3852       
182           182           -0.9533       -15.7969      -16.7502      -16.7502      
183           183           +3.6321       -15.7573      -12.1252      -12.1252      
184           184           -20.074       -17.7299      -37.8039      -37.8039      
185           185           -15.1026      -13.1481      -28.2507      -28.2507      
186           186           -1.332        -16.0281      -17.3601      -17.3601      
187           187           +7.303        -17.5331      -10.2301      -10.2301      
188           188           +6.6215       -16.7508      -10.1293      -10.1293      
189           189           +1.662        -18.5604      -16.8984      -16.8984      
190           190           +1.9149       -19.3126      -17.3977      -17.3977      
191           191           -4.1878       -14.8422      -19.03        -19.03        
192           192           -2.3851       -16.5149      -18.9         -18.9         
193           193           +8.7205       -15.2959      -6.5754       -6.5754       
194           194           +0.1507       -15.6367      -15.486       -15.486       
195           195           +5.8204       -14.4702      -8.6498       -8.6498       
196           196           -0.4264       -15.9449      -16.3713      -16.3713      
197           197           +0.7187       -17.1489      -16.4302      -16.4302      
198           198           -4.3498       -12.4983      -16.8481      -16.8481      
199           199           +4.5054       -18.227       -13.7216      -13.7216      
200           200           +4.7548       -17.1948      -12.44        -12.44        
201           201           +0.9233       -15.9912      -15.0679      -15.0679      
202           202           +8.5958       -18.2596      -9.6638       -9.6638       
203           203           +3.7205       -16.4768      -12.7563      -12.7563      
204           204           -0.6591       -17.7746      -18.4337      -18.4337      
205           205           +3.3181       -16.7486      -13.4305      -13.4305      
206           206           +2.2754       -15.9801      -13.7047      -13.7047      
207           207           +8.5308       -20.1376      -11.6068      -11.6068      
208           208           +0.0489       -18.5247      -18.4758      -18.4758      
209           209           -2.8065       -15.6325      -18.439       -18.439       
210           210           +5.0606       -17.8924      -12.8318      -12.8318      
211           211           -4.1096       -18.2749      -22.3845      -22.3845      
212           212           -0.122        -16.2191      -16.3411      -16.3411      
213           213           -1.1578       -18.5611      -19.7189      -19.7189      
214           214           -0.3828       -17.015       -17.3978      -17.3978      
215           215           +3.8006       -12.7086      -8.908        -8.908        
216           216           +3.4373       -11.2559      -7.8186       -7.8186       
217           217           -8.2767       -16.0874      -24.3641      -24.3641      
218           218           +3.6454       -15.3882      -11.7428      -11.7428      
219           219           -0.9996       -19.0757      -20.0753      -20.0753      
220           220           -4.4269       -18.2851      -22.712       -22.712       
221           221           -1.1801       -16.2159      -17.396       -17.396       
222           222           -0.328        -19.0216      -19.3496      -19.3496      
223           223           +4.963        -16.9028      -11.9398      -11.9398      
224           224           +2.4188       -16.4297      -14.0109      -14.0109      
225           225           +3.7886       -18.757       -14.9684      -14.9684      
226           226           +4.2233       -18.8698      -14.6465      -14.6465      
227           227           -1.7857       -17.2225      -19.0082      -19.0082      
228           228           +1.6408       -17.3482      -15.7074      -15.7074      
229           229           +2.6085       -16.5889      -13.9804      -13.9804      
230           230           +2.6607       -17.0677      -14.407       -14.407       
231           231           +1.8459       -15.9979      -14.152       -14.152       
232           232           +0.5387       -17.0604      -16.5217      -16.5217      
233           233           +2.8061       -17.6455      -14.8394      -14.8394      
234           234           -0.4236       -18.5627      -18.9863      -18.9863      
235           235           +1.1915       -15.3432      -14.1517      -14.1517      
236           236           +1.2003       -16.9042      -15.7039      -15.7039      
237           237           +2.0186       -15.3089      -13.2903      -13.2903      
238           238           +5.1591       -19.0061      -13.847       -13.847       
239           239           -1.9709       -16.6377      -18.6086      -18.6086      
240           240           +3.5562       -16.2103      -12.6541      -12.6541      
241           241           +5.8201       -18.5228      -12.7027      -12.7027      
242           242           +3.4235       -17.0789      -13.6554      -13.6554      
243           243           +2.8608       -13.7785      -10.9177      -10.9177      
244           244           +3.9381       -18.3087      -14.3706      -14.3706      
245           245           +6.6963       -14.4567      -7.7604       -7.7604       
246           246           +11.5182      -16.4445      -4.9263       -4.9263       
247           247           +3.0559       -16.8021      -13.7462      -13.7462      
248           248           +8.0069       -14.7726      -6.7657       -6.7657       
249           249           +1.9393       -16.4919      -14.5526      -14.5526      
250           250           +3.6499       -18.734       -15.0841      -15.0841      
251           251           +10.0569      -17.7115      -7.6546       -7.6546       
252           252           -2.196        -16.4454      -18.6414      -18.6414      
253           253           -4.0172       -15.4973      -19.5145      -19.5145      
254           254           +2.5581       -16.2003      -13.6422      -13.6422      
255           255           -0.6636       -17.405       -18.0686      -18.0686      
256           256           +4.1275       -18.8031      -14.6756      -14.6756      
257           257           -0.3168       -15.5777      -15.8945      -15.8945      
258           258           +5.338        -18.5866      -13.2486      -13.2486      
259           259           +2.2984       -17.0637      -14.7653      -14.7653      
260           260           +1.4449       -13.8487      -12.4038      -12.4038      
261           261           +5.9837       -18.134       -12.1503      -12.1503      
262           262           +3.9595       -18.0087      -14.0492      -14.0492      
263           263           +5.5158       -14.2495      -8.7337       -8.7337       
264           264           -4.6163       -14.6027      -19.219       -19.219       
265           265           +0.4049       -14.7511      -14.3462      -14.3462      
266           266           +4.238        -14.8468      -10.6088      -10.6088      
267           267           +7.5176       -16.3831      -8.8655       -8.8655       
268           268           +2.6062       -17.4113      -14.8051      -14.8051      
269           269           +7.7451       -16.1281      -8.383        -8.383        
270           270           +0.2737       -20.2412      -19.9675      -19.9675      
271           271           +1.7705       -17.5789      -15.8084      -15.8084      
272           272           +4.2451       -15.7181      -11.473       -11.473       
