Frame         Time          Elec          VdW           Nonbond       Total         
0             0             +6.5319       -4.4282       +2.1037       +2.1037       
1             1             +56.0332      -5.6426       +50.3906      +50.3906      
2             2             -40.9755      -13.8194      -54.7949      -54.7949      
3             3             -127.035      -11.0296      -138.064      -138.064      
4             4             -112.839      -11.9798      -124.818      -124.818      
5             5             -93.2259      -23.7348      -116.961      -116.961      
6             6             -71.0018      -27.7882      -98.79        -98.79        
7             7             -119.288      -23.9958      -143.284      -143.284      
8             8             -69.7943      -5.9256       -75.7199      -75.7199      
9             9             -23.8743      -1.7643       -25.6386      -25.6386      
10            10            -52.2315      -0.1981       -52.4296      -52.4296      
11            11            -82.6307      +0.7242       -81.9065      -81.9065      
12            12            -149.924      +1.2885       -148.635      -148.635      
13            13            -161.825      -2.1572       -163.982      -163.982      
14            14            -82.171       -5.8201       -87.9911      -87.9911      
15            15            -194.277      +0.2181       -194.059      -194.059      
16            16            -194.295      -15.5509      -209.846      -209.846      
17            17            -101.318      -8.7267       -110.044      -110.044      
18            18            -103.421      -24.2308      -127.652      -127.652      
19            19            -107.588      -23.395       -130.983      -130.983      
20            20            -88.8101      -28.1105      -116.921      -116.921      
21            21            -147.101      -18.007       -165.108      -165.108      
22            22            -123.427      -29.399       -152.827      -152.827      
23            23            -150.093      -35.0937      -185.187      -185.187      
24            24            -120.884      -24.5179      -145.402      -145.402      
25            25            -86.4919      -19.7478      -106.24       -106.24       
26            26            -139.988      -30.159       -170.147      -170.147      
27            27            -79.1959      -32.6045      -111.8        -111.8        
28            28            -50.8743      -27.9366      -78.8109      -78.8109      
29            29            -128.679      -35.8235      -164.503      -164.503      
30            30            -116.819      -33.2045      -150.024      -150.024      
31            31            -98.9346      -30.4292      -129.364      -129.364      
32            32            -41.4602      -32.4567      -73.9169      -73.9169      
33            33            -156.708      -33.6645      -190.372      -190.372      
34            34            -115.643      -37.6285      -153.272      -153.272      
35            35            -123.277      -42.453       -165.73       -165.73       
36            36            -242.334      -35.7288      -278.063      -278.063      
37            37            -148.229      -36.4177      -184.647      -184.647      
38            38            -206.823      -36.7296      -243.553      -243.553      
39            39            -205.137      -31.0935      -236.231      -236.231      
40            40            -179.952      -30.2929      -210.245      -210.245      
41            41            -108.842      -34.4219      -143.264      -143.264      
42            42            -132.405      -32.2358      -164.641      -164.641      
43            43            -116.705      -36.3111      -153.016      -153.016      
44            44            -3.0812       -30.0882      -33.1694      -33.1694      
45            45            -137.829      -37.4831      -175.312      -175.312      
46            46            -111.058      -32.6144      -143.673      -143.673      
47            47            -125.34       -35.5371      -160.877      -160.877      
48            48            -112.565      -33.6838      -146.249      -146.249      
49            49            -135.787      -25.8782      -161.666      -161.666      
50            50            -164.47       -30.9195      -195.39       -195.39       
51            51            -200.322      -25.5797      -225.901      -225.901      
52            52            -154.546      -31.2899      -185.836      -185.836      
53            53            -66.7815      -29.2439      -96.0254      -96.0254      
54            54            -176.592      -31.028       -207.62       -207.62       
55            55            -150.068      -36.8974      -186.965      -186.965      
56            56            -100.58       -46.9884      -147.569      -147.569      
57            57            -91.6359      -30.7605      -122.396      -122.396      
58            58            -83.3862      -28.226       -111.612      -111.612      
59            59            -123.51       -33.5867      -157.097      -157.097      
60            60            -90.2537      -35.6091      -125.863      -125.863      
61            61            -109.535      -37.7699      -147.305      -147.305      
62            62            -119.171      -38.7495      -157.921      -157.921      
63            63            -110.979      -39.1206      -150.1        -150.1        
64            64            -185.34       -38.2825      -223.622      -223.622      
65            65            -185.029      -32.1224      -217.151      -217.151      
66            66            -90.6101      -36.9983      -127.608      -127.608      
67            67            -130.667      -37.917       -168.584      -168.584      
68            68            -78.7321      -50.5703      -129.302      -129.302      
69            69            -112.9        -57.5019      -170.402      -170.402      
70            70            -105.164      -53.9319      -159.096      -159.096      
71            71            -55.0941      -52.5945      -107.689      -107.689      
72            72            -112.267      -56.8361      -169.103      -169.103      
73            73            -84.4162      -60.3983      -144.815      -144.815      
74            74            -84.0048      -56.7593      -140.764      -140.764      
75            75            -134.312      -57.7962      -192.108      -192.108      
76            76            -215.697      -72.6174      -288.314      -288.314      
77            77            -259.251      -57.6796      -316.93       -316.93       
78            78            -202.602      -61.1374      -263.74       -263.74       
79            79            -312.46       -59.1344      -371.595      -371.595      
80            80            -278.037      -50.3878      -328.424      -328.424      
81            81            -164.77       -64.6505      -229.42       -229.42       
82            82            -206.364      -66.8351      -273.199      -273.199      
83            83            -194.523      -69.205       -263.728      -263.728      
84            84            -252.391      -69.7785      -322.169      -322.169      
85            85            -182.319      -64.0958      -246.415      -246.415      
86            86            -276.418      -73.5502      -349.968      -349.968      
87            87            -261.97       -69.8182      -331.788      -331.788      
88            88            -98.0999      -63.4934      -161.593      -161.593      
89            89            -189.411      -63.4212      -252.833      -252.833      
90            90            -238.059      -55.8218      -293.88       -293.88       
91            91            -300.685      -55.1733      -355.859      -355.859      
92            92            -290.977      -64.3038      -355.28       -355.28       
93            93            -274.872      -61.5649      -336.437      -336.437      
94            94            -140.784      -71.6828      -212.467      -212.467      
95            95            -93.5764      -72.3009      -165.877      -165.877      
96            96            -146.231      -70.1359      -216.367      -216.367      
97            97            -77.5389      -72.1879      -149.727      -149.727      
98            98            -69.613       -77.2007      -146.814      -146.814      
99            99            -69.9028      -88.1946      -158.097      -158.097      
100           100           -159.76       -69.2118      -228.972      -228.972      
101           101           -106.356      -73.0075      -179.363      -179.363      
102           102           -85.3642      -81.8823      -167.247      -167.247      
103           103           -202.644      -72.1295      -274.773      -274.773      
104           104           -187.112      -69.5165      -256.628      -256.628      
105           105           -199.213      -64.8171      -264.03       -264.03       
106           106           -166.482      -69.1156      -235.597      -235.597      
107           107           -182.588      -58.4234      -241.012      -241.012      
108           108           -164.92       -71.2265      -236.147      -236.147      
109           109           -150.984      -76.1684      -227.153      -227.153      
110           110           -151.044      -63.2899      -214.334      -214.334      
111           111           -162.8        -80.857       -243.657      -243.657      
112           112           -128.414      -72.2886      -200.703      -200.703      
113           113           -100.093      -73.9923      -174.085      -174.085      
114           114           -122.464      -61.2794      -183.743      -183.743      
115           115           -72.72        -77.3104      -150.03       -150.03       
116           116           -99.6202      -70.9659      -170.586      -170.586      
117           117           -86.6052      -80.2517      -166.857      -166.857      
118           118           -87.4473      -76.4665      -163.914      -163.914      
119           119           -54.7282      -75.9744      -130.703      -130.703      
120           120           -62.8211      -69.047       -131.868      -131.868      
121           121           -129.533      -68.6803      -198.214      -198.214      
122           122           -39.8248      -73.6218      -113.447      -113.447      
123           123           -107.125      -73.2614      -180.386      -180.386      
124           124           -91.1497      -81.1023      -172.252      -172.252      
125           125           -85.7665      -78.7406      -164.507      -164.507      
126           126           -130.036      -74.1621      -204.199      -204.199      
127           127           -88.3297      -68.5442      -156.874      -156.874      
128           128           -67.4492      -66.7409      -134.19       -134.19       
129           129           -20.6808      -71.169       -91.8498      -91.8498      
130           130           -18.8752      -66.0193      -84.8945      -84.8945      
131           131           -73.915       -67.0018      -140.917      -140.917      
132           132           -83.1245      -80.445       -163.57       -163.57       
133           133           -146.917      -71.5716      -218.488      -218.488      
134           134           -68.2238      -72.3336      -140.557      -140.557      
135           135           -29.4567      -66.0887      -95.5454      -95.5454      
136           136           -22.5071      -71.7346      -94.2417      -94.2417      
137           137           -22.1838      -69.0019      -91.1857      -91.1857      
138           138           -26.267       -62.1739      -88.4409      -88.4409      
139           139           -32.8977      -63.3614      -96.2591      -96.2591      
140           140           -25.6837      -65.8156      -91.4993      -91.4993      
141           141           -31.8783      -62.2655      -94.1438      -94.1438      
142           142           -0.5835       -61.9803      -62.5638      -62.5638      
143           143           -4.1027       -64.6621      -68.7648      -68.7648      
144           144           -29.4323      -62.6331      -92.0654      -92.0654      
145           145           -31.0031      -75.4685      -106.472      -106.472      
146           146           -29.5626      -63.2032      -92.7658      -92.7658      
147           147           -36.2601      -63.7316      -99.9917      -99.9917      
148           148           -66.0313      -67.5531      -133.584      -133.584      
149           149           -38.8333      -66.1087      -104.942      -104.942      
150           150           -41.8633      -66.1428      -108.006      -108.006      
151           151           -24.4754      -70.0108      -94.4862      -94.4862      
152           152           -14.4188      -65.0071      -79.4259      -79.4259      
153           153           +0.1963       -72.7289      -72.5326      -72.5326      
154           154           -12.6907      -67.3855      -80.0762      -80.0762      
155           155           +25.4496      -57.1808      -31.7312      -31.7312      
156           156           -1.5865       -69.4214      -71.0079      -71.0079      
157           157           -35.5057      -66.4062      -101.912      -101.912      
158           158           -21.5981      -74.8432      -96.4413      -96.4413      
159           159           -25.5033      -65.6712      -91.1745      -91.1745      
160           160           -19.5677      -58.5946      -78.1623      -78.1623      
161           161           +7.4227       -74.6881      -67.2654      -67.2654      
162           162           +6.3293       -73.3514      -67.0221      -67.0221      
163           163           -23.2171      -61.8642      -85.0813      -85.0813      
164           164           +13.4194      -66.2154      -52.796       -52.796       
165           165           -16.68        -65.2117      -81.8917      -81.8917      
166           166           +3.1776       -68.0269      -64.8493      -64.8493      
167           167           -35.1628      -64.5497      -99.7125      -99.7125      
168           168           -51.4579      -60.7228      -112.181      -112.181      
169           169           -123.067      -65.0184      -188.086      -188.086      
170           170           -8.5803       -63.6426      -72.2229      -72.2229      
171           171           -39.9723      -58.1817      -98.154       -98.154       
172           172           -24.3612      -69.4785      -93.8397      -93.8397      
173           173           -22.9022      -56.922       -79.8242      -79.8242      
174           174           -34.4088      -57.5046      -91.9134      -91.9134      
175           175           -31.7533      -64.8871      -96.6404      -96.6404      
176           176           -30.1945      -60.8619      -91.0564      -91.0564      
177           177           -11.2124      -62.5767      -73.7891      -73.7891      
178           178           -110.473      -61.6467      -172.119      -172.119      
179           179           -58.4963      -55.0489      -113.545      -113.545      
180           180           -46.9762      -57.0373      -104.013      -104.013      
181           181           +0.5341       -50.4681      -49.934       -49.934       
182           182           -81.1118      -59.3512      -140.463      -140.463      
183           183           -82.3659      -60.7324      -143.098      -143.098      
184           184           -91.7856      -64.3812      -156.167      -156.167      
185           185           -118.825      -62.5157      -181.34       -181.34       
186           186           -133.146      -58.8662      -192.012      -192.012      
187           187           -92.5124      -62.0393      -154.552      -154.552      
188           188           -102.635      -68.1934      -170.828      -170.828      
189           189           -9.3534       -65.9729      -75.3263      -75.3263      
190           190           -111.408      -62.532       -173.94       -173.94       
191           191           -93.693       -63.6958      -157.389      -157.389      
192           192           -77.2002      -70.2966      -147.497      -147.497      
193           193           -98.1417      -66.7619      -164.904      -164.904      
194           194           -77.0566      -70.6226      -147.679      -147.679      
195           195           -140.757      -62.7068      -203.464      -203.464      
196           196           -115.482      -60.4294      -175.911      -175.911      
197           197           -44.7416      -69.143       -113.885      -113.885      
198           198           -67.5498      -51.4298      -118.98       -118.98       
199           199           -19.0043      -73.089       -92.0933      -92.0933      
200           200           -34.78        -66.7917      -101.572      -101.572      
201           201           -36.6556      -60.7546      -97.4102      -97.4102      
202           202           -46.5015      -70.2274      -116.729      -116.729      
203           203           -34.6685      -63.9677      -98.6362      -98.6362      
204           204           -43.723       -68.4639      -112.187      -112.187      
205           205           -57.0242      -67.9723      -124.997      -124.997      
206           206           -67.9593      -61.2924      -129.252      -129.252      
207           207           -88.6472      -75.8547      -164.502      -164.502      
208           208           -48.3536      -71.2341      -119.588      -119.588      
209           209           -82.4999      -65.2086      -147.709      -147.709      
210           210           -25.4362      -64.6634      -90.0996      -90.0996      
211           211           -54.0846      -64.3386      -118.423      -118.423      
212           212           -20.3611      -70.7909      -91.152       -91.152       
213           213           -31.3884      -69.1058      -100.494      -100.494      
214           214           -8.1925       -72.8265      -81.019       -81.019       
215           215           -19.0736      -62.0955      -81.1691      -81.1691      
216           216           -42.3092      -61.9363      -104.245      -104.245      
217           217           -107.486      -63.1078      -170.594      -170.594      
218           218           -163.905      -61.3823      -225.287      -225.287      
219           219           -62.7032      -71.7098      -134.413      -134.413      
220           220           -89.4122      -70.302       -159.714      -159.714      
221           221           -44.1293      -54.1769      -98.3062      -98.3062      
222           222           -43.0071      -61.8131      -104.82       -104.82       
223           223           -30.819       -56.8604      -87.6794      -87.6794      
224           224           -151.082      -63.9884      -215.07       -215.07       
225           225           -77.6837      -70.2384      -147.922      -147.922      
226           226           -114.465      -71.0853      -185.55       -185.55       
227           227           -11.7971      -65.4375      -77.2346      -77.2346      
228           228           -35.4722      -63.6648      -99.137       -99.137       
229           229           -31.4806      -65.639       -97.1196      -97.1196      
230           230           -40.045       -72.7893      -112.834      -112.834      
231           231           -64.3441      -71.2246      -135.569      -135.569      
232           232           -62.6641      -68.129       -130.793      -130.793      
233           233           +14.505       -64.0485      -49.5435      -49.5435      
234           234           -46.5489      -63.7729      -110.322      -110.322      
235           235           -74.6741      -58.2555      -132.93       -132.93       
236           236           -57.4827      -65.7257      -123.208      -123.208      
237           237           -49.9378      -61.776       -111.714      -111.714      
238           238           -42.9489      -70.8528      -113.802      -113.802      
239           239           -58.8049      -59.8047      -118.61       -118.61       
240           240           -5.1467       -66.9415      -72.0882      -72.0882      
241           241           -55.4618      -65.4015      -120.863      -120.863      
242           242           -172.499      -60.753       -233.252      -233.252      
243           243           -169.584      -59.8337      -229.417      -229.417      
244           244           -148.546      -68.3127      -216.859      -216.859      
245           245           -45.5143      -57.7667      -103.281      -103.281      
246           246           -22.294       -61.672       -83.966       -83.966       
247           247           -50.8657      -69.3095      -120.175      -120.175      
248           248           -53.4677      -65.013       -118.481      -118.481      
249           249           -50.629       -61.7395      -112.369      -112.369      
250           250           -44.6358      -70.1778      -114.814      -114.814      
251           251           -54.5696      -69.342       -123.912      -123.912      
252           252           -70.3863      -64.2829      -134.669      -134.669      
253           253           -53.2834      -57.3628      -110.646      -110.646      
254           254           -59.9973      -60.6719      -120.669      -120.669      
255           255           -57.456       -67.0172      -124.473      -124.473      
256           256           -64.2152      -68.4818      -132.697      -132.697      
257           257           -33.0865      -65.2158      -98.3023      -98.3023      
258           258           -41.989       -66.5559      -108.545      -108.545      
259           259           -64.9179      -63.5711      -128.489      -128.489      
260           260           -75.0202      -60.5574      -135.578      -135.578      
261           261           -41.8597      -71.1976      -113.057      -113.057      
262           262           -44.1783      -68.8436      -113.022      -113.022      
263           263           -89.0926      -59.5544      -148.647      -148.647      
264           264           -46.7401      -62.3705      -109.111      -109.111      
265           265           -45.2274      -59.6842      -104.912      -104.912      
266           266           -45.0429      -65.4855      -110.528      -110.528      
267           267           -52.9788      -61.2001      -114.179      -114.179      
268           268           -47.8678      -62.323       -110.191      -110.191      
269           269           -51.882       -69.3382      -121.22       -121.22       
270           270           -44.2688      -63.2401      -107.509      -107.509      
271           271           -69.1403      -59.8967      -129.037      -129.037      
272           272           -49.0444      -67.1834      -116.228      -116.228      
