Frame         Time          Elec          VdW           Nonbond       Total         
0             0             -2.145        -0.0051       -2.1501       -2.1501       
1             1             -0.4771       -0.0003       -0.4774       -0.4774       
2             2             +0.3877       -0.0005       +0.3872       +0.3872       
3             3             +8.0675       -0.0392       +8.0283       +8.0283       
4             4             +2.2662       -0.0724       +2.1938       +2.1938       
5             5             -4.3701       -0.0621       -4.4322       -4.4322       
6             6             -0.5483       -0.0614       -0.6097       -0.6097       
7             7             -1.1305       -0.0566       -1.1871       -1.1871       
8             8             -1.2746       -0.0618       -1.3364       -1.3364       
9             9             -11.2587      -0.1076       -11.3663      -11.3663      
10            10            +2.3122       -0.0765       +2.2357       +2.2357       
11            11            +0.1293       -0.0215       +0.1078       +0.1078       
12            12            -0.0092       -0.0093       -0.0185       -0.0185       
13            13            -0.3313       -0.0012       -0.3325       -0.3325       
14            14            -2.8608       -0.0148       -2.8756       -2.8756       
15            15            -21.0465      -0.0541       -21.1006      -21.1006      
16            16            -20.7401      -0.0897       -20.8298      -20.8298      
17            17            -0.0411       -0.0002       -0.0413       -0.0413       
18            18            -0.2539       -0.0004       -0.2543       -0.2543       
19            19            -0.1116       -0.0025       -0.1141       -0.1141       
20            20            -0.0814       -0.0003       -0.0817       -0.0817       
21            21            +0.4368       -0.0015       +0.4353       +0.4353       
22            22            +21.3462      -0.0673       +21.2789      +21.2789      
23            23            +9.5265       -0.0429       +9.4836       +9.4836       
24            24            +35.7121      -0.2531       +35.459       +35.459       
25            25            +48.8227      -0.4516       +48.3711      +48.3711      
26            26            +19.3797      -0.2299       +19.1498      +19.1498      
27            27            +36.8671      -0.487        +36.3801      +36.3801      
28            28            +47.1481      -0.4673       +46.6808      +46.6808      
29            29            +43.6537      -0.3224       +43.3313      +43.3313      
30            30            +40.6895      -0.9599       +39.7296      +39.7296      
31            31            +47.3828      -0.9194       +46.4634      +46.4634      
32            32            +48.941       -0.7567       +48.1843      +48.1843      
33            33            +31.4713      -0.7603       +30.711       +30.711       
34            34            +39.672       -0.5902       +39.0818      +39.0818      
35            35            +36.7001      -0.3775       +36.3226      +36.3226      
36            36            +57.2032      -0.6862       +56.517       +56.517       
37            37            +36.7071      -0.3393       +36.3678      +36.3678      
38            38            +45.9687      -0.5287       +45.44        +45.44        
39            39            +32.2702      -0.8176       +31.4526      +31.4526      
40            40            +40.1279      -0.4441       +39.6838      +39.6838      
41            41            +58.0127      -0.5211       +57.4916      +57.4916      
42            42            +39.9506      -0.7894       +39.1612      +39.1612      
43            43            +45.1385      -1.0387       +44.0998      +44.0998      
44            44            +13.8673      -0.7282       +13.1391      +13.1391      
45            45            +67.0927      -0.8653       +66.2274      +66.2274      
46            46            +69.8167      -0.993        +68.8237      +68.8237      
47            47            +46.3821      -0.4382       +45.9439      +45.9439      
48            48            +54.5737      -0.4919       +54.0818      +54.0818      
49            49            +44.9453      -0.5796       +44.3657      +44.3657      
50            50            +61.343       -0.7873       +60.5557      +60.5557      
51            51            +53.6676      -0.5207       +53.1469      +53.1469      
52            52            +62.7111      -0.7086       +62.0025      +62.0025      
53            53            +45.5812      -0.545        +45.0362      +45.0362      
54            54            +54.2658      -0.6229       +53.6429      +53.6429      
55            55            +42.9717      -1.2234       +41.7483      +41.7483      
56            56            +48.7998      -0.8959       +47.9039      +47.9039      
57            57            +50.0541      -0.5931       +49.461       +49.461       
58            58            +46.2734      -0.4629       +45.8105      +45.8105      
59            59            +42.2499      -0.4646       +41.7853      +41.7853      
60            60            +58.5643      -0.9249       +57.6394      +57.6394      
61            61            +44.3508      -0.884        +43.4668      +43.4668      
62            62            +33.8601      -0.8172       +33.0429      +33.0429      
63            63            +49.1105      -1.561        +47.5495      +47.5495      
64            64            +18.1695      -0.343        +17.8265      +17.8265      
65            65            +45.0615      -0.5952       +44.4663      +44.4663      
66            66            +40.9503      -0.9158       +40.0345      +40.0345      
67            67            +10.0428      -0.9857       +9.0571       +9.0571       
68            68            +18.2754      -0.5338       +17.7416      +17.7416      
69            69            +62.6114      -0.7937       +61.8177      +61.8177      
70            70            +2.8708       -0.2061       +2.6647       +2.6647       
71            71            +43.3911      -0.6176       +42.7735      +42.7735      
72            72            +34.6924      -1.1736       +33.5188      +33.5188      
73            73            +41.9966      -0.4341       +41.5625      +41.5625      
74            74            +49.0797      -0.7808       +48.2989      +48.2989      
75            75            +58.0849      -0.554        +57.5309      +57.5309      
76            76            +44.7539      -0.6506       +44.1033      +44.1033      
77            77            +46.8739      -1.1138       +45.7601      +45.7601      
78            78            +51.2384      -0.975        +50.2634      +50.2634      
79            79            +22.0385      -0.6854       +21.3531      +21.3531      
80            80            +46.2103      -0.7043       +45.506       +45.506       
81            81            +28.9122      -0.5684       +28.3438      +28.3438      
82            82            +34.3116      -0.6768       +33.6348      +33.6348      
83            83            +49.5504      -0.8765       +48.6739      +48.6739      
84            84            +51.9422      -0.75         +51.1922      +51.1922      
85            85            +53.8328      -0.6449       +53.1879      +53.1879      
86            86            +53.8451      -0.7153       +53.1298      +53.1298      
87            87            +45.001       -1.4078       +43.5932      +43.5932      
88            88            +11.1807      -0.2786       +10.9021      +10.9021      
89            89            +20.4567      -0.7014       +19.7553      +19.7553      
90            90            +19.9867      -0.4555       +19.5312      +19.5312      
91            91            +8.4647       -0.2842       +8.1805       +8.1805       
92            92            +22.36        -0.3881       +21.9719      +21.9719      
93            93            +4.2274       -0.1159       +4.1115       +4.1115       
94            94            +39.9159      -1.3233       +38.5926      +38.5926      
95            95            +7.203        -0.223        +6.98         +6.98         
96            96            +26.0467      -0.5194       +25.5273      +25.5273      
97            97            +10.1551      -0.332        +9.8231       +9.8231       
98            98            +8.3573       -0.4135       +7.9438       +7.9438       
99            99            +17.4955      -0.6385       +16.857       +16.857       
100           100           +49.6937      -1.0666       +48.6271      +48.6271      
101           101           +48.7131      -1.0298       +47.6833      +47.6833      
102           102           +7.7279       -0.9546       +6.7733       +6.7733       
103           103           +18.9942      -0.6747       +18.3195      +18.3195      
104           104           +18.6201      -0.6211       +17.999       +17.999       
105           105           +2.7372       -0.2541       +2.4831       +2.4831       
106           106           +18.1058      -0.4197       +17.6861      +17.6861      
107           107           +13.9581      -0.4606       +13.4975      +13.4975      
108           108           +16.8449      -0.2849       +16.56        +16.56        
109           109           +13.1222      -0.6411       +12.4811      +12.4811      
110           110           +13.4121      -0.3194       +13.0927      +13.0927      
111           111           +16.5466      -0.4103       +16.1363      +16.1363      
112           112           +2.8644       -0.108        +2.7564       +2.7564       
113           113           -4.9947       -0.2386       -5.2333       -5.2333       
114           114           +22.5087      -0.2831       +22.2256      +22.2256      
115           115           -3.2329       -0.4389       -3.6718       -3.6718       
116           116           -1.3786       -0.3769       -1.7555       -1.7555       
117           117           +10.3263      -0.3935       +9.9328       +9.9328       
118           118           +19.055       -1.009        +18.046       +18.046       
119           119           +14.4013      -0.9811       +13.4202      +13.4202      
120           120           +38.2774      -1.992        +36.2854      +36.2854      
121           121           +13.7445      -1.6999       +12.0446      +12.0446      
122           122           +18.4618      -0.7019       +17.7599      +17.7599      
123           123           +24.6742      -0.6749       +23.9993      +23.9993      
124           124           +16.1151      -0.7749       +15.3402      +15.3402      
125           125           +6.4297       -0.52         +5.9097       +5.9097       
126           126           +12.5372      -0.3989       +12.1383      +12.1383      
127           127           +12.699       -0.3785       +12.3205      +12.3205      
128           128           +1.0971       -0.3654       +0.7317       +0.7317       
129           129           +5.5938       -0.2557       +5.3381       +5.3381       
130           130           +4.8857       -0.4289       +4.4568       +4.4568       
131           131           -0.2596       -0.1358       -0.3954       -0.3954       
132           132           +1.6516       -0.1944       +1.4572       +1.4572       
133           133           +0.3472       -0.1741       +0.1731       +0.1731       
134           134           +0.4979       -0.1688       +0.3291       +0.3291       
135           135           -2.8074       -0.1224       -2.9298       -2.9298       
136           136           -1.8873       -0.1549       -2.0422       -2.0422       
137           137           -12.953       -0.3081       -13.2611      -13.2611      
138           138           -2.374        -0.1601       -2.5341       -2.5341       
139           139           +6.8619       -0.2162       +6.6457       +6.6457       
140           140           -9.9865       -1.5569       -11.5434      -11.5434      
141           141           -27.6817      -2.1727       -29.8544      -29.8544      
142           142           -22.6917      -1.9408       -24.6325      -24.6325      
143           143           -84.9604      +0.6724       -84.288       -84.288       
144           144           -22.8817      -2.7347       -25.6164      -25.6164      
145           145           -2.495        -3.8557       -6.3507       -6.3507       
146           146           -0.3057       -1.4547       -1.7604       -1.7604       
147           147           +0.7922       -0.6015       +0.1907       +0.1907       
148           148           -1.4981       -0.225        -1.7231       -1.7231       
149           149           -3.7489       -0.4387       -4.1876       -4.1876       
150           150           -5.1796       -0.1905       -5.3701       -5.3701       
151           151           -14.5874      -0.2586       -14.846       -14.846       
152           152           -15.5843      -0.2362       -15.8205      -15.8205      
153           153           -19.3541      -0.3872       -19.7413      -19.7413      
154           154           -46.5163      -1.8438       -48.3601      -48.3601      
155           155           -45.7143      -1.0872       -46.8015      -46.8015      
156           156           -28.1188      -1.8031       -29.9219      -29.9219      
157           157           -3.5865       -1.0866       -4.6731       -4.6731       
158           158           -3.2617       -0.3593       -3.621        -3.621        
159           159           -1.4985       -0.3533       -1.8518       -1.8518       
160           160           -78.0634      +5.2942       -72.7692      -72.7692      
161           161           -70.3674      -1.5576       -71.925       -71.925       
162           162           -31.9698      -5.5737       -37.5435      -37.5435      
163           163           -13.7313      -2.4433       -16.1746      -16.1746      
164           164           -27.4717      -2.2801       -29.7518      -29.7518      
165           165           -25.3902      -0.9285       -26.3187      -26.3187      
166           166           -13.5089      -0.8191       -14.328       -14.328       
167           167           -105.212      +0.1593       -105.053      -105.053      
168           168           -60.5514      -3.8463       -64.3977      -64.3977      
169           169           -208.696      -1.0832       -209.779      -209.779      
170           170           -204.086      +0.6731       -203.413      -203.413      
171           171           -181.212      +0.878        -180.334      -180.334      
172           172           -126.417      -6.0745       -132.491      -132.491      
173           173           -146.465      -2.1646       -148.63       -148.63       
174           174           -156.318      -4.0282       -160.347      -160.347      
175           175           -153.409      -0.5079       -153.917      -153.917      
176           176           -138.379      +3.3428       -135.036      -135.036      
177           177           -139.845      +4.8507       -134.994      -134.994      
178           178           -135.812      +5.1177       -130.694      -130.694      
179           179           -149.285      +5.5442       -143.74       -143.74       
180           180           -134.993      -0.3984       -135.392      -135.392      
181           181           -112.323      +4.4571       -107.866      -107.866      
182           182           -108.166      +2.1272       -106.039      -106.039      
183           183           -86.4633      +3.7927       -82.6706      -82.6706      
184           184           -122.728      +5.2361       -117.491      -117.491      
185           185           -120.846      -1.2922       -122.138      -122.138      
186           186           -129.882      -2.2412       -132.123      -132.123      
187           187           -208.508      +8.7493       -199.758      -199.758      
188           188           -199.648      +2.3302       -197.318      -197.318      
189           189           -225.185      +3.2507       -221.934      -221.934      
190           190           -205.411      -2.0433       -207.455      -207.455      
191           191           -214.232      -8.611        -222.843      -222.843      
192           192           -165.343      -9.3661       -174.709      -174.709      
193           193           -157.797      -10.7379      -168.535      -168.535      
194           194           -186.365      +0.9482       -185.417      -185.417      
195           195           -173.936      -0.4417       -174.378      -174.378      
196           196           -192.568      -1.8504       -194.418      -194.418      
197           197           -26.2966      -3.3185       -29.6151      -29.6151      
198           198           -13.5336      -2.279        -15.8126      -15.8126      
199           199           -75.7806      -4.3458       -80.1264      -80.1264      
200           200           -7.0327       -1.4205       -8.4532       -8.4532       
201           201           -18.1855      -2.4058       -20.5913      -20.5913      
202           202           -22.8141      -1.0276       -23.8417      -23.8417      
203           203           -43.1786      -1.3381       -44.5167      -44.5167      
204           204           -29.9943      -1.3334       -31.3277      -31.3277      
205           205           -83.3637      -1.6998       -85.0635      -85.0635      
206           206           -29.8639      -1.5617       -31.4256      -31.4256      
207           207           -16.8884      -1.1939       -18.0823      -18.0823      
208           208           -22.084       -2.1105       -24.1945      -24.1945      
209           209           -32.152       -1.9255       -34.0775      -34.0775      
210           210           -83.831       -2.0393       -85.8703      -85.8703      
211           211           -56.5611      -1.6926       -58.2537      -58.2537      
212           212           -16.8949      -1.0555       -17.9504      -17.9504      
213           213           -18.1709      -0.7283       -18.8992      -18.8992      
214           214           -34.9258      -1.5216       -36.4474      -36.4474      
215           215           -53.5487      -1.9124       -55.4611      -55.4611      
216           216           -67.1191      -2.0723       -69.1914      -69.1914      
217           217           -82.5889      -0.6191       -83.208       -83.208       
218           218           -68.0923      -0.8932       -68.9855      -68.9855      
219           219           -69.8803      -0.9432       -70.8235      -70.8235      
220           220           -67.7971      -0.4068       -68.2039      -68.2039      
221           221           -63.0933      -2.4844       -65.5777      -65.5777      
222           222           -77.8812      -2.5496       -80.4308      -80.4308      
223           223           -68.4031      -1.9209       -70.324       -70.324       
224           224           -31.1401      -2.2346       -33.3747      -33.3747      
225           225           -72.9685      -1.2338       -74.2023      -74.2023      
226           226           -75.499       -0.3669       -75.8659      -75.8659      
227           227           -88.6084      -2.2798       -90.8882      -90.8882      
228           228           -64.16        -2.833        -66.993       -66.993       
229           229           -67.7285      -3.0815       -70.81        -70.81        
230           230           -87.0894      -1.5803       -88.6697      -88.6697      
231           231           -89.4981      -3.4001       -92.8982      -92.8982      
232           232           -61.7003      -6.4867       -68.187       -68.187       
233           233           -105.304      -2.7699       -108.074      -108.074      
234           234           -83.3582      +0.3627       -82.9955      -82.9955      
235           235           -79.9363      -1.5852       -81.5215      -81.5215      
236           236           -77.5541      -1.8732       -79.4273      -79.4273      
237           237           -90.672       +0.0848       -90.5872      -90.5872      
238           238           -113.556      -0.7436       -114.299      -114.299      
239           239           -68.0053      -2.9913       -70.9966      -70.9966      
240           240           -75.887       -0.2852       -76.1722      -76.1722      
241           241           -75.2078      -2.459        -77.6668      -77.6668      
242           242           -81.4968      -3.2479       -84.7447      -84.7447      
243           243           -78.7274      -0.7932       -79.5206      -79.5206      
244           244           -100.728      -1.6828       -102.411      -102.411      
245           245           -85.2335      +3.0626       -82.1709      -82.1709      
246           246           -15.0626      -0.6478       -15.7104      -15.7104      
247           247           -87.6468      +0.8406       -86.8062      -86.8062      
248           248           -85.3005      -0.2922       -85.5927      -85.5927      
249           249           -87.0193      +1.5671       -85.4522      -85.4522      
250           250           -99.7637      +1.2623       -98.5014      -98.5014      
251           251           -77.7241      +0.6631       -77.061       -77.061       
252           252           -81.7693      -0.4606       -82.2299      -82.2299      
253           253           -84.6372      +2.2699       -82.3673      -82.3673      
254           254           -77.5991      +0.3485       -77.2506      -77.2506      
255           255           -92.3038      +1.2566       -91.0472      -91.0472      
256           256           -75.8992      +0.4657       -75.4335      -75.4335      
257           257           -76.6736      +0.284        -76.3896      -76.3896      
258           258           -83.3199      +0.6608       -82.6591      -82.6591      
259           259           -64.4176      -1.1153       -65.5329      -65.5329      
260           260           -86.6388      +2.0046       -84.6342      -84.6342      
261           261           -75.6009      -0.5386       -76.1395      -76.1395      
262           262           -70.1676      -1.3354       -71.503       -71.503       
263           263           -89.9375      +4.2289       -85.7086      -85.7086      
264           264           -93.379       +1.7641       -91.6149      -91.6149      
265           265           -82.7818      +0.8398       -81.942       -81.942       
266           266           -65.9204      -1.2207       -67.1411      -67.1411      
267           267           -33.0072      -0.568        -33.5752      -33.5752      
268           268           -31.6509      -1.0121       -32.663       -32.663       
269           269           -95.4201      +5.8877       -89.5324      -89.5324      
270           270           -84.1582      +0.1113       -84.0469      -84.0469      
271           271           -69.9618      -0.4663       -70.4281      -70.4281      
272           272           -20.8435      -0.5851       -21.4286      -21.4286      
