0   0.17974045112107706
1   0.2727973711665493
2   0.21433370676471414
3   0.12804270266469214
4   0.10918263775748296
5   0.09576079863721777
6   0.21112511124500713
7   0.17334356063668804
8   0.253385414776808
9   0.24056281861670992
10   0.34963564542125897
11   0.2246702106569883
12   0.3531485891070785
13   0.33641157592726406
14   0.3004592727278159
15   0.35270899300947145
16   0.2810974188259514
17   0.3124676860019875
18   0.29926065485711506
19   0.26614323483862456
20   0.2411641445820299
21   0.2026418551157384
22   0.15182721874899374
23   0.17082806378476378
24   0.17392909663338163
25   0.1499164950425961
26   0.1427600064674615
27   0.1613614150852209
28   0.18631793360082624
29   0.24975483627696035
30   0.18082048231774078
31   0.18540531684767195
32   0.21536054691518824
33   0.18976297355595867
34   0.20889317979184016
35   0.2384609699279871
36   0.24354632421053263
37   0.2752881759131484
38   0.31130515024492195
39   0.27891809132124995
40   0.27208225082332416
41   0.20281978328690117
42   0.23161248547042632
43   0.18731397822090462
44   0.18945581876762277
45   0.175987108978479
46   0.25117091898050276
47   0.1999086838999057
48   0.2741124512220763
49   0.24343637002312393
50   0.24934195314513685
51   0.20135784620336797
52   0.16271233232829188
53   0.2059920157843415
54   0.21390193246626177
55   0.2593351983806003
56   0.2976933100493418
57   0.14681534499817678
58   0.24643494774348537
59   0.18073168576306547
60   0.16088975586315143
61   0.1959405577970479
62   0.22674856755784922
63   0.21676660074691637
64   0.2203644023858258
65   0.2534588048978456
66   0.18162534617573042
67   0.2746419426446615
68   0.22463331031633965
69   0.19651074662347184
70   0.18100499573224776
71   0.22788976223443244
72   0.2286553292509897
73   0.19893411306598094
74   0.22172729982029987
75   0.19593452835805997
76   0.23914180984686575
77   0.21845867444150444
78   0.22201390533394744
79   0.29755959792885783
80   0.1979645316668053
81   0.2585156422309348
82   0.31262682827190824
83   0.315236654829765
84   0.31996268494116886
85   0.2659701113539199
86   0.2468002918492616
87   0.23969228259691286
88   0.24919157358418856
89   0.25169492695033074
90   0.2667493706177412
91   0.2375999456937947
92   0.3054878039903056
93   0.2946435900531238
94   0.3212634270576536
95   0.2905135980004454
96   0.25673365299351897
97   0.24604233836511466
98   0.22293053855196301
99   0.22588051718211516
100   0.22494401190732544
101   0.2377799844915642
102   0.22940093836395348
103   0.26148625469208653
104   0.25347798059591364
105   0.19360432008677012
106   0.21971804535103895
107   0.20533406311072108
108   0.2988842974972707
109   0.1790268845264888
110   0.22813376091889576
111   0.2917022633897206
112   0.29285457640474327
113   0.2538780905443511
114   0.2638174076126135
115   0.22128004855381853
116   0.24428362119872585
117   0.20438906328216513
118   0.2713887115119638
119   0.1538897902337588
120   0.1535513904688728
121   0.11132565198231688
122   0.10160493653928855
123   0.15698603194149288
124   0.22143662789898066
125   0.19569951541085884
126   0.1963200061915547
127   0.14397367509759848
128   0.08985590130049961
129   0.1054246367430261
130   0.12567735260899907
131   0.1156869142701794
132   0.13484270127644607
133   0.10849073750383592
134   0.1197722400138926
135   0.12402669644118548
136   0.1317621456976674
137   0.14486203219890248
138   0.07821108289076514
139   0.04159032100434813
140   0.02159740818509031
141   0.14388904970792984
142   0.05535433252029678
143   0.1046401127199302
144   0.012186035298732202
145   0.08680714016471035
146   0.12784912705153684
147   0.14795656017360767
148   0.12978692344599382
149   0.08826145041934566
150   0.08453269933316969
151   0.11194077697615208
152   0.0820104176165535
153   0.12323992092308943
154   0.21253601551992476
155   0.1385118797447949
156   0.20270391513762664
157   0.20426331591292002
158   0.23628039935248707
159   0.3295502714428315
160   0.2415631293511043
161   0.21800934845753825
162   0.26863989207478073
163   0.24888624294043274
164   0.14175086247282875
165   0.1330209099290742
166   0.1852563945989691
167   0.17249229656912654
168   0.16882902748793896
169   0.1447604625051096
170   0.14430384168584326
171   0.24519612032220112
172   0.2307918856634069
173   0.2100158134505156
174   0.19363019541663126
175   0.2646925135466363
176   0.23345225459357888
177   0.24632973977678152
178   0.214661705343317
179   0.2935609471303833
180   0.25178066216443284
181   0.24655228146213495
182   0.248016155477477
183   0.331725228817893
184   0.33975369367833974
185   0.3972530958053261
186   0.374732331277159
187   0.3381602748376339
188   0.36447832608998915
189   0.42285429031345567
190   0.4678430259944878
191   0.37234494231935733
192   0.3958716964417145
193   0.3819851430864819
194   0.401340671234136
195   0.304259041295456
196   0.3807165909945475
197   0.34297637877903797
198   0.4411483379998104
199   0.30188627768289994
200   0.4143205562101503
201   0.41638903153739903
202   0.3217538840381144
203   0.3358990108570637
204   0.31719648438216
205   0.2936338275808436
206   0.31289024953400474
207   0.23500442187361875
208   0.33167038161023016
209   0.35372140853965395
210   0.3673393623216918
211   0.41532348638259964
212   0.4059096624677071
213   0.46487213491232116
214   0.36551379822883534
215   0.2686754780009516
216   0.32348529686262456
217   0.267076052565838
218   0.2808987713516173
219   0.31651578761620247
220   0.31283011563442914
221   0.2950698385368125
222   0.3381531234213027
223   0.2917837799515207
224   0.24523618293485966
225   0.24186156505027898
226   0.25801084988740214
227   0.22462233647484492
228   0.27359783162812745
229   0.3002182153853029
230   0.22743765255079434
231   0.273126588071325
232   0.21270644134182476
233   0.3228115316084233
234   0.2353849296532599
235   0.21325904949596863
236   0.26328675428751014
237   0.13560310694363142
238   0.15383910219317184
239   0.15842081645155914
240   0.13712086665212975
241   0.12889021093145553
242   0.07599540680593693
243   0.1794611100252571
244   0.08044009620903679
245   0.0390641918713079
246   0.15322150043600916
247   0.15697784781172688
248   0.10765194837476731
249   0.1266488423016832
250   0.019458209803353565
251   0.05862752625299737
252   0.03465676376538736
253   0.10546029497941563
254   0.09816721023712366
255   0.07179542984439859
256   0.055223822692128055
257   0.008794676377567716
258   0.07684322021412043
259   0.028591266444533765
260   0.09323380700902256
261   0.08848761884469916
262   0.07242206036944607
263   0.07402574979375819
264   0.049660134117123673
265   0.029226076703413865
266   0.040651877216726806
267   0.08489737635390596
268   0.02949560905420119
269   0.10918531812804692
270   0.16253290076326912
271   0.18256586273605832
272   0.10483637296024703
273   0.09360663366624594
274   0.03980643163991699
275   0.06823037076731057
276   0.16509183755139184
277   0.07371998232434249
278   0.0796569340815697
279   0.1227599726690807
280   0.06354411095395733
281   0.09079449624907619
282   0.1009182566769493
283   0.03248044833507908
284   0.02037887513875714
285   0.10884036703137848
286   0.0802045909281202
287   0.14510167736173948
288   0.1141360370145419
289   0.07713113249742462
290   0.10333166871456902
291   0.08077360643791937
292   0.08850616653817943
293   0.059116519065799414
294   0.11000568271975855
295   0.14718413156124757
296   0.13058767009132258
297   0.11068982485968686
298   0.08328689464306598
299   0.08850930178542046
300   0.12281037754774547
301   0.07248053171314896
302   0.09026786264852302
303   0.1569844368779142
304   0.20805502599709053
305   0.1523849364569095
306   0.0941616737242343
307   0.14464405469417985
308   0.15738014781578957
309   0.1683815209687233
310   0.1737998384768927
311   0.16355692436306934
312   0.09260559394432914
313   0.22727994529385953
314   0.2063530902339885
315   0.2372243776159887
316   0.24409347248196162
317   0.23062838501145566
318   0.23699798497443306
319   0.21725697120856394
320   0.17357292426256382
321   0.19432752766676523
322   0.22636188220107137
323   0.2880687347691554
324   0.2696282855510118
325   0.18262879347369138
326   0.11661794039688922
327   0.12612935562539473
328   0.17190086876562916
329   0.1833019647921116
330   0.180865288803031
331   0.1604798962029701
332   0.2894204621066492
333   0.1993968712827703
