0   0.41011427996443317
1   0.174342324683593
2   0.2978815515626305
3   0.20358319630200367
4   0.2686862015199606
5   0.17608336630368426
6   0.1090780644540331
7   0.1471119702643588
8   0.17089319913802833
9   0.09862728910276604
10   0.19547804298259064
11   0.20315995496901626
12   0.2123390791813462
13   0.2712385112580055
14   0.21782454175284852
15   0.21097764905999955
16   0.2959141421413047
17   0.2109897994135917
18   0.10998582471460892
19   0.1799407520944615
20   0.23029539320137318
21   0.3203859085673817
22   0.22871402676948438
23   0.23160209498059534
24   0.10680802304625035
25   0.19779619547732533
26   0.1250487244932416
27   0.017518785065862515
28   0.0440813933148229
29   0.1898467610895679
30   0.16722800005263405
31   0.10668884728901874
32   0.2287899554132769
33   0.17825914417083585
34   0.11961964257036505
35   0.017794519146824634
36   0.01552348022585953
37   0.03203263901424846
38   0.22334847241104516
39   0.15440153326385328
40   0.20009576564051562
41   0.27296515262151544
42   0.3864257117610369
43   0.2252246497573153
44   0.44818650339658156
45   0.6023300974500928
46   0.6609493784251659
47   0.655076064707814
48   0.6626325654152971
49   0.6847434614771569
50   0.5986588717800492
51   0.8017230660922329
52   0.7768873936689772
53   0.7952216904308306
54   0.8681571835997186
55   0.9922630436524283
56   0.9636007674894788
57   0.8291997362335732
58   0.7578836914897525
59   0.7900186590604504
60   0.9281449531719003
61   0.7987831740657959
62   0.8366759958134442
63   0.7994027601852949
64   0.8658746419936383
65   0.7693774536341297
66   0.6677142985107174
67   0.8183077780430914
68   0.8229615522138506
69   0.8142239811558915
70   0.7952061947888148
71   0.8140580633795237
72   0.6998966173265055
73   0.8216810229304675
74   0.7405841734647096
75   0.7962442317916604
76   0.8542526754754215
77   0.6967573836031974
78   0.6431550052157237
79   0.5868025826703445
80   0.5619917483451048
81   0.7295804640450534
82   0.6409689109662927
83   0.5783765762788936
84   0.5513583619202682
85   0.32033167471198676
86   0.23886849676126293
87   0.12058090851126654
88   0.08109960366150422
89   0.15933746348129188
90   0.30635669806316634
91   0.317278218980821
92   0.21373110810343
93   0.265166453129301
94   0.28491740389199316
95   0.2761598207393599
96   0.14447640545394025
97   0.020851384526263225
98   0.10882272352158179
99   0.08517490108211018
100   0.11690833980329002
101   0.15991100305645334
102   0.25099373174364353
103   0.1289337602763519
104   0.13892867403029463
105   0.15342403403481517
106   0.07682900857548292
107   0.13646585613879852
108   0.13292508889334595
109   0.18712024238320976
110   0.12927090619828838
111   0.10787633868752604
112   0.0722935594167838
113   0.031219988456752078
114   0.14839538388401252
115   0.17251136035694953
116   0.16080642345246812
117   0.20217693005941173
118   0.20625648348370315
119   0.13404919862661818
120   0.18288139135197357
121   0.14680638070159227
122   0.1702543938185186
123   0.006413834740537123
124   0.19177162390371905
125   0.14824562369383165
126   0.048007027551956724
127   0.01868994189671253
128   0.056396018841074945
129   0.0956433905213829
130   0.04296531974126012
131   0.17332154624939167
132   0.11385548687875628
133   0.12131931855590597
134   0.1284000816567213
135   0.07709385082775744
136   0.188511928505768
137   0.20051388742002949
138   0.10771570706773677
139   0.05492408119878752
140   0.13645481225981576
141   0.135045154026492
142   0.2181957514064859
143   0.051015206421345646
144   0.06897854889664035
145   0.12712584053428735
146   0.059563369908128654
147   0.08074878563898388
148   0.14006106665479182
149   0.1460280032192003
150   0.10428440197186296
151   0.038241888250689214
152   0.09511421391610088
153   0.019925241106159425
154   0.07235541129455451
155   0.101358217237936
156   0.1555723131627209
157   0.24264576257277778
158   0.19757671532542687
159   0.34840200934916
160   0.18133080795206089
161   0.17044826291427637
162   0.2438023296372942
163   0.24634557248150848
164   0.15232859519258066
165   0.2908823007745894
166   0.19581825607318526
167   0.1955244074828775
168   0.17947802342051317
169   0.134133045805901
170   0.09325895190664238
171   0.151684861372096
172   0.07956766951273819
173   0.10155171521159405
174   0.05966036291987528
175   0.06965784104703754
176   0.02054323595316992
177   0.10850148184356102
178   0.19931823849438787
179   0.1923864558337956
180   0.19678950150243193
181   0.13147925207994687
182   0.060154450319839826
183   0.14396582130204208
184   0.23624293615793934
185   0.009517055783251082
186   0.09947813160327312
187   0.1022031339605865
188   0.13922830470947203
189   0.2852680771789167
190   0.2686778917961899
191   0.17574751538700595
192   0.14610842131724713
193   0.1346830436865271
194   0.1548011309875804
195   0.1678689987582093
196   0.23443857096034082
197   0.19367318960562332
198   0.18638862099053993
199   0.10146699323819174
200   0.2475299987548743
201   0.20661708518458585
202   0.2194939954684464
203   0.15850929850943457
204   0.18070383407017246
205   0.09002382538279084
206   0.10597246321571731
207   0.04288478245115983
208   0.12764259849466286
209   0.23160519136847915
210   0.136694761447761
211   0.22076485466186954
212   0.23699040988592687
213   0.18716442166465708
214   0.0965809746738571
215   0.08719912825060279
216   0.14998885966580391
217   0.10052510250473572
218   0.018436679456911943
219   0.058718887840050825
220   0.15305000354324258
221   0.17482043978693365
222   0.2259363017322655
223   0.14616608520961874
224   0.29608230484398584
225   0.2911591652448276
226   0.17287516258633875
227   0.14596888134358074
228   0.2819908872843804
229   0.23314400630900156
230   0.38331281554303726
231   0.4064767246400931
232   0.5028689712248297
233   0.46536086249817404
234   0.3699281304035693
235   0.40249964005237865
236   0.30480866789965155
237   0.3742985891361318
238   0.10730178248084253
239   0.10728851613127696
240   0.2853433274946947
241   0.3892794427869487
242   0.13519813501564615
243   0.03735713306705468
244   0.08946848488001953
245   0.0800048981556313
246   0.08912112402982533
247   0.016432373820670955
248   0.274430270259737
249   0.30633505410526085
250   0.38173711195751353
251   0.0849663745338418
252   0.11944801563731003
253   0.2391406737478145
254   0.1310806384316472
255   0.07906150111654166
256   0.07583931824169439
257   0.04645487086380867
258   0.13938275910323916
259   0.09687837013655852
260   0.07379427990129138
261   0.11416420642740431
262   0.11660598178269367
263   0.15333221691195045
264   0.23993544574389794
265   0.2313696994498422
266   0.29133907525735303
267   0.3124437987188767
268   0.21977000520377313
269   0.21799721382258364
270   0.1956679183240338
271   0.36495738821233725
272   0.16762671936386478
273   0.10781697022690039
274   0.16013668992451824
275   0.10512226501218251
276   0.21199062028225193
277   0.16788750766478389
278   0.1460295207097458
279   0.05037938968104098
280   0.2587229930738592
281   0.2144286362976816
282   0.17270586329859106
283   0.024495974096589386
284   0.2112317405089113
285   0.2022491992644177
286   0.06025076223523891
287   0.30290141331578435
288   0.17206109651832033
289   0.11765411073986001
290   0.11593589403590297
291   0.15559997294586278
292   0.31647526077332716
293   0.2314164902815006
294   0.18275647379936183
295   0.19042977422464583
296   0.13656143630817566
297   0.12131262206498589
298   0.18692705179540817
299   0.18796805537379319
300   0.2116255337335167
301   0.15439355280801698
302   0.13199532132014377
303   0.05436500510590079
304   0.14728422952598763
305   0.1453142670659048
306   0.32660981581600196
307   0.200869612288404
308   0.3763994569762877
309   0.30586919704743026
310   0.22419141007201862
311   0.235881779526484
312   0.3688088062600539
313   0.2281993799841664
314   0.1801300237601647
315   0.12541498624617248
316   0.08878205687286428
317   0.14311422596342713
318   0.047552909654916625
319   0.11785993825251805
320   0.03967611189928567
321   0.0732358048643307
322   0.1717437693917872
323   0.16947200605228646
324   0.03412223405613968
325   0.16403980142547928
326   0.10861262577551188
327   0.11679509114633788
328   0.16630745709673106
329   0.17897454104762706
330   0.12704027945483495
331   0.11073702050069995
332   0.0862723652897583
333   0.058226272565966866
