Frame	Talin	Kindlin	Both		Frame	Time	Talin	Kindlin	Both	Time	Talin	Kindlin	Both
0	0.682303883	0.719551166	0.70096163		0	0	39.09313287	41.22724494	40.16214302	0	39.09313287	41.22724494	40.16214302
1	0.68228161	0.719542614	0.700940259		1	0.2	39.09185671	41.22675495	40.16091856	0.2	39.09275002	41.22709794	40.16177568
2	0.618861152	0.789855706	0.68536719		2	0.4	35.45813211	45.25539839	39.26864741	0.4	38.00236465	42.43558808	39.8938372
3	0.647990175	0.746505933	0.679482676		3	0.6	37.12710217	42.77163933	38.93148958	0.6	37.7397859	42.53640345	39.60513291
4	0.682101908	0.715298491	0.737888294		4	0.8	39.08156055	40.98358462	42.277885	0.8	38.1423183	42.0705578	40.40695854
5	0.68004286	0.75273359	0.725307895		5	1	38.96358578	43.12845782	41.55708121	1	38.38869854	42.38792781	40.75199534
6	0.668619865	0.729160864	0.74886274		6	1.2	38.30909636	41.77784009	42.90667443	1.2	38.36481789	42.20490149	41.39839907
7	0.706104208	0.704407194	0.751938933		7	1.4	40.45679102	40.35955929	43.08292729	1.4	38.99240982	41.65129883	41.90375753
8	0.638308119	0.735892973	0.748333185		8	1.6	36.57236126	42.16356151	42.87633317	1.6	38.26639526	41.80497763	42.19553022
9	0.665904975	0.822232743	0.705142207		9	1.8	38.15354462	47.11046593	40.40167244	1.8	38.23254007	43.39662412	41.65737289
10	0.604633279	0.767374147	0.749030776		10	2	34.64293507	43.96729991	42.91630222	2	37.15565857	43.56782686	42.03505169
11	0.559587015	0.70958939	0.796632262		11	2.2	32.06197423	40.65647724	45.64366642	2.2	35.62755326	42.69442197	43.11763611
12	0.707505565	0.644291073	0.681575917		12	2.4	40.53708287	36.91515926	39.05142345	2.4	37.10041215	40.96064316	41.89777231
13	0.663484051	0.700045517	0.608681302		13	2.6	38.01483592	40.10965361	34.87486968	2.6	37.37473928	40.7053463	39.79090152
14	0.671661624	0.704013448	0.621928586		14	2.8	38.48337634	40.33699927	35.63388312	2.8	37.7073304	40.59484219	38.543796
15	0.651785144	0.77482288	0.773335283		15	3	37.34453788	44.39408092	44.30884788	3	37.59849264	41.73461381	40.27331157
16	0.639644946	0.748270708	0.753833248		16	3.2	36.64895578	42.87275349	43.19146357	3.2	37.31363158	42.07605571	41.14875717
17	0.663166006	0.736566273	0.754742548		17	3.4	37.99661329	42.20213876	43.2435626	3.4	37.51852609	42.11388063	41.77719879
18	0.655845602	0.782467741	0.899268389		18	3.6	37.57718498	44.83209915	51.52428333	3.6	37.53612376	42.92934618	44.70132416
19	0.685179101	0.75203246	0.877176206		19	3.8	39.25787071	43.088286	50.2584945	3.8	38.05264785	42.97702813	46.36847526
20	0.593908553	0.720324117	0.892050465		20	4	34.02845353	41.27153179	51.11072673	4	36.84538955	42.46537922	47.7911507
21	0.591221945	0.71383809	0.819488086		21	4.2	33.87452221	40.8999098	46.95320866	4.2	35.95412935	41.9957384	47.53976809
22	0.643969997	0.711617341	0.729735931		22	4.4	36.89676296	40.77267026	41.81078898	4.4	36.23691943	41.62881796	45.82107436
23	0.62183459	0.653969864	0.723763317		23	4.6	35.62849755	37.46971313	41.46858344	4.6	36.05439287	40.38108651	44.51532708
24	0.552103079	0.581162667	0.712155002		24	4.8	31.6331763	33.29816805	40.80347599	4.8	34.7280279	38.25621097	43.40177175
25	0.624912835	0.656005084	0.68184463		25	5	35.80486799	37.58632268	39.06681955	5	35.05107992	38.05524448	42.10128609
26	0.619507804	0.68447793	0.709263428		26	5.2	35.49518253	39.21769656	40.63780098	5.2	35.1843107	38.40398011	41.66224056
27	0.591281375	0.66676154	0.686099197		27	5.4	33.87792729	38.20262218	39.31058831	5.4	34.79239568	38.34357273	40.95674488
28	0.497939328	0.696748358	0.70792455		28	5.6	28.52982193	39.92074029	40.56108894	5.6	32.91362356	38.816723	40.8380481
29	0.597224264	0.722584299	0.657981748		29	5.8	34.21842977	41.4010307	37.69957717	5.8	33.30506542	39.59201531	39.89650682
30	0.562711452	0.746143015	0.709001545		30	6	32.24099127	42.75084569	40.62279618	6	32.98584317	40.53966442	40.11439363
31	0.652005975	0.739835205	0.656568147		31	6.2	37.35719057	42.38943481	37.61858379	6.2	34.29724739	41.09459554	39.36565068
32	0.586074576	0.765381159	0.710538426		32	6.4	33.57959967	43.85311015	40.71085298	6.4	34.08195307	41.92214992	39.76921137
33	0.604090069	0.710108367	0.657618541		33	6.6	34.61181139	40.68621245	37.67876692	6.6	34.24091057	41.55136868	39.14207803
34	0.622808398	0.699341545	0.660635277		34	6.8	35.68429266	40.06931894	37.85161316	6.8	34.67392519	41.10675376	38.75493857
35	0.62967621	0.600577535	0.652274917		35	7	36.07778932	34.41055802	37.37259983	7	35.09508443	39.09789504	38.34023695
36	0.591674121	0.676385644	0.711401801		36	7.2	33.90043	38.75404273	40.76032076	7.2	34.7366881	38.99473935	39.06626209
37	0.598222603	0.665158286	0.72973223		37	7.4	34.27563034	38.1107625	41.81057695	7.4	34.59837077	38.72954629	39.88955655
38	0.506578858	0.59384537	0.713566169		38	7.6	29.02483058	34.02483341	40.88432989	7.6	32.92630871	37.31813243	40.18798855
39	0.54194938	0.651445174	0.749316325		39	7.8	31.05141216	37.32505908	42.93266293	7.8	32.36383975	37.32021042	41.01139086
40	0.525525311	0.67389848	0.696828295		40	8	30.11038236	38.61153874	39.92532033	8	31.68780253	37.70760892	40.6855697
41	0.509704411	0.655131561	0.751897203		41	8.2	29.20391156	37.53627349	43.08053635	8.2	30.94263524	37.65620829	41.4040597
42	0.558283727	0.692640633	0.748749859		42	8.4	31.98730134	39.68538496	42.90020682	8.4	31.25603507	38.26496129	41.85290383
43	0.531618449	0.619215963	0.656345699		43	8.6	30.45949345	35.47846131	37.60583845	8.6	31.01707259	37.4290113	40.57878422
44	0.504435248	0.545779479	0.667391151		44	8.8	28.90201074	31.27086067	38.23869626	8.8	30.38255403	35.58156611	39.87675783
45	0.49175688	0.522711646	0.679418617		45	9	28.17559376	29.94917121	38.92781928	9	29.72046595	33.89184764	39.59207626
46	0.514135163	0.563236611	0.739232837		46	9.2	29.45777495	32.27108066	42.35492162	9.2	29.64165865	33.40561755	40.42092987
47	0.538229214	0.638760559	0.687059189		47	9.4	30.83826238	36.59828414	39.36559183	9.4	30.00063977	34.36341753	40.10432846
48	0.50349467	0.585002614	0.701142846		48	9.6	28.84811958	33.51818076	40.17252591	9.6	29.65488371	34.1098465	40.12478769
49	0.514180827	0.605776883	0.684919652		49	9.8	29.46039127	34.70845871	39.24300538	9.8	29.59653598	34.28943016	39.860253
50	0.499205365	0.577901932	0.745464247		50	10	28.60236052	33.11134168	42.71195511	10	29.29828334	33.93600362	40.71576363
51	0.489408953	0.550605395	0.71502698		51	10.2	28.04106747	31.54736529	40.96802817	10.2	28.92111858	33.21941212	40.79144299
52	0.487890589	0.684619864	0.669699827		52	10.4	27.9540716	39.22582878	38.37097363	10.4	28.63100449	35.02133712	40.06530218
53	0.457236159	0.641110284	0.651263348		53	10.6	26.19770218	36.73291346	37.3146412	10.6	27.9010138	35.53481002	39.24010389
54	0.6194565	0.635836211	0.709196752		54	10.8	35.49224302	36.43073137	40.63398073	10.8	30.17838256	35.80358642	39.65826694
55	0.580101228	0.614910829	0.743690688		55	11	33.23735205	35.23179529	42.61033769	11	31.09607341	35.63204909	40.54388817
56	0.570882531	0.638515013	0.713003846		56	11.2	32.70915961	36.5842154	40.85211114	11.2	31.57999927	35.91769898	40.63635506
57	0.486435836	0.669110317	0.725139366		57	11.4	27.87072039	38.3371972	41.54742523	11.4	30.46721561	36.64354845	40.90967611
58	0.539528379	0.642236447	0.741045246		58	11.6	30.91269907	36.79743787	42.45876502	11.6	30.60086065	36.68971527	41.37440279
59	0.54030683	0.614373673	0.75428949		59	11.8	30.95730102	35.20101848	43.21760432	11.8	30.70779276	36.24310624	41.92736325
60	0.551609381	0.609077255	0.653441612		60	12	31.60488945	34.89755608	37.43944651	12	30.97692177	35.83944119	40.58098822
61	0.52058954	0.549563221	0.697227501		61	12.2	29.82758348	31.48765315	39.94819318	12.2	30.63212028	34.53390478	40.39114971
62	0.508918478	0.525453209	0.722348906		62	12.4	29.1588809	30.1062512	41.38754364	12.4	30.19014847	33.20560871	40.69006789
63	0.493499093	0.53582084	0.680524415		63	12.6	28.27541525	30.7002727	38.99117686	12.6	29.6157285	32.4540079	40.18040058
64	0.460769949	0.614094669	0.682293318		64	12.8	26.40017339	35.18503275	39.0925275	12.8	28.65106197	33.27331536	39.85403866
65	0.471137802	0.55560917	0.668964363		65	13	26.99420761	31.83406052	38.32883465	13	28.15400566	32.84153891	39.39647746
66	0.463497506	0.57282578	0.65506348		66	13.2	26.55645094	32.82049962	37.53237271	13.2	27.67473924	32.83522712	38.83724603
67	0.494976751	0.569043292	0.692916583		67	13.4	28.36007878	32.60377898	39.70119573	13.4	27.8803411	32.76579268	39.09643094
68	0.413777468	0.576155974	0.723472594		68	13.6	23.70770259	33.01130565	41.45192624	13.6	26.62854955	32.83944657	39.80307953
69	0.5341781	0.604186908	0.593945992		69	13.8	30.60615062	34.61735988	34.03059859	13.8	27.82182987	33.37282056	38.07133525
70	0.417025051	0.584464991	0.629542492		70	14	23.8937754	33.48737726	36.0701278	14	26.64341353	33.40718757	37.47097301
71	0.423176272	0.616231063	0.608045748		71	14.2	24.2462144	35.30743912	34.83845511	14.2	25.92425379	33.97726304	36.68121764
72	0.377721785	0.619900582	0.639044442		72	14.4	21.64186411	35.51768708	36.61454945	14.4	24.63953688	34.43939025	36.66121718
73	0.452670405	0.622215574	0.582597906		73	14.6	25.93610369	35.65032632	33.38040116	14.6	25.02850693	34.80267107	35.67697238
74	0.459417068	0.604491173	0.695148454		74	14.8	26.32265905	34.63479294	39.82907254	14.8	25.41675256	34.75230763	36.92260243
75	0.44087435	0.680920601	0.615637262		75	15	25.26023953	39.01387663	35.2734168	15	25.36979866	36.03077833	36.42784674
76	0.408174452	0.681192496	0.663472033		76	15.2	23.38667338	39.02945504	38.0141473	15.2	24.77486107	36.93038134	36.90373691
77	0.400833377	0.686958483	0.664778486		77	15.4	22.96606077	39.35982178	38.08900157	15.4	24.23222098	37.65921347	37.2593163
78	0.439787592	0.705983984	0.645899235		78	15.6	25.1979729	40.44990269	37.00730017	15.6	24.52194656	38.49642024	37.18371146
79	0.380762531	0.679494932	0.612751751		79	15.8	21.81608602	38.93219178	35.10808921	15.8	23.7101884	38.6271517	36.56102479
80	0.452904192	0.727153497	0.579668543		80	16	25.94949874	41.66282644	33.21256101	16	24.3819815	39.53785412	35.55648565
81	0.42943415	0.703825331	0.56966037		81	16.2	24.6047644	40.32622099	32.63913494	16.2	24.44881637	39.77436418	34.68128044
82	0.475943233	0.700397476	0.521706394		82	16.4	27.26953857	40.12981934	29.89157454	16.4	25.29503303	39.88100073	33.24436867
83	0.474665419	0.703329089	0.61293105		83	16.6	27.19632521	40.2977884	35.11836228	16.6	25.86542068	40.00603703	33.80656675
84	0.547138405	0.760340166	0.578501982		84	16.8	31.34872143	43.56428251	33.145722	16.8	27.51041091	41.07351067	33.60831333
85	0.558276661	0.759551764	0.576002372		85	17	31.98689646	43.5191104	33.0025049	17	28.85335657	41.80719059	33.4265708
86	0.477778894	0.738956496	0.630724311		86	17.2	27.37471418	42.33908844	36.13784108	17.2	28.40976385	41.96675995	34.23995188
87	0.490117177	0.710459967	0.661508132		87	17.4	28.08164572	40.70635763	37.90162405	17.4	28.31132842	41.58863925	35.33845353
88	0.431479173	0.7438657	0.665374552		88	17.6	24.72193559	42.62036511	38.12315362	17.6	27.23451057	41.89815701	36.17386356
89	0.380632234	0.789722461	0.584565361		89	17.8	21.80862053	45.24776398	33.49312806	17.8	25.60674356	42.9030391	35.36964291
90	0.386519818	0.762377383	0.52715888		90	18	22.14595429	43.68100643	30.20397895	18	24.56850678	43.1364293	33.81994372
91	0.392468091	0.73266755	0.605630458		91	18.2	22.48676522	41.97875841	34.70006917	18.2	23.94398431	42.78912803	34.08398136
92	0.437876576	0.751429138	0.59530569		92	18.4	25.08847973	43.0537182	34.10850358	18.4	24.28733294	42.86850508	34.09133802
93	0.482892975	0.748447293	0.655035228		93	18.6	27.66772943	42.88287108	37.53075399	18.6	25.30145189	42.87281488	35.12316281
94	0.467650482	0.782328462	0.659576834		94	18.8	26.79439893	44.82411905	37.79096888	18.8	25.749336	43.45820613	35.92350463
95	0.518123092	0.78781981	0.606669188		95	19	29.68626644	45.13875015	34.75958403	19	26.93041513	43.96236934	35.57432845
96	0.432526704	0.795038108	0.628560983		96	19.2	24.78195464	45.55232813	36.01389148	19.2	26.28587698	44.43935698	35.70619736
97	0.41546605	0.794041504	0.65691207		97	19.4	23.8044512	45.49522695	37.63828913	19.4	25.54144925	44.75611797	36.28582489
98	0.474659784	0.838719172	0.690828866		98	19.6	27.1960023	48.05506876	39.58157837	19.6	26.03781516	45.74580321	37.27455093
99	0.514911127	0.751916864	0.642069377		99	19.8	29.50223438	43.08166284	36.78786544	19.8	27.07714093	44.9465611	37.12854528
100	0.562060977	0.726475375	0.677184224		100	20	32.20372179	41.62397291	38.79979801	20	28.61511519	43.94978464	37.6299211
101	0.562634393	0.724716764	0.636624658		101	20.2	32.23657613	41.52321194	36.47590602	20.2	29.70155347	43.22181283	37.28371658
102	0.608114874	0.764777445	0.626132577		102	20.4	34.84241572	43.81851989	35.8747541	20.4	31.24381215	43.40082495	36.86102784
103	0.54894275	0.775636905	0.696439367		103	20.6	31.45210274	44.4407211	39.90303644	20.6	31.30629933	43.7127938	37.77363042
104	0.573576125	0.730713187	0.646795423		104	20.8	32.86349119	41.86678166	37.05864796	20.8	31.77345688	43.15899016	37.55913568
105	0.450120489	0.751258173	0.641241622		105	21	25.79000432	43.04392261	36.74043861	21	29.97842111	43.12446989	37.31352656
106	0.396792601	0.718957226	0.577129392		106	21.2	22.73454139	41.19321468	33.06707842	21.2	27.8052572	42.54509333	36.03959212
107	0.454344105	0.75795351	0.622038658		107	21.4	26.03199965	43.42753716	35.64018977	21.4	27.27327993	42.80982648	35.91977141
108	0.412906471	0.732122551	0.656783827		108	21.6	23.6577981	41.94753225	37.63094133	21.6	26.18863538	42.55113821	36.43312239
109	0.415511777	0.745036795	0.61386936		109	21.8	23.80707115	42.68746393	35.17212352	21.8	25.47416611	42.59203593	36.05482273
110	0.36353187	0.731982699	0.595838924		110	22	20.82884187	41.93951932	34.13905559	22	24.08056884	42.39628095	35.48009259
111	0.407773931	0.740576143	0.56656288		111	22.2	23.36372525	42.43188741	32.46166184	22.2	23.86551576	42.40696289	34.57456336
112	0.404428239	0.698956158	0.574360397		112	22.4	23.1720312	40.04723793	32.90842667	22.4	23.6574704	41.6990454	34.07472235
113	0.427399869	0.681936426	0.559886387		113	22.6	24.48820863	39.07207912	32.07912696	22.6	23.90669187	40.91095552	33.47604374
114	0.395394952	0.640351036	0.51863223		114	22.8	22.65446201	36.68941175	29.71543788	22.8	23.53102291	39.64449239	32.34786198
115	0.421327261	0.716991665	0.503479204		115	23	24.14027386	41.08059632	28.84723345	23	23.71379819	40.07532357	31.29767342
116	0.414859982	0.695722047	0.538429409		116	23.2	23.76972608	39.861937	30.84973272	23.2	23.73057656	40.0113076	31.16329121
117	0.486625423	0.603352351	0.594896197		117	23.4	27.88158296	34.5695433	34.08504132	23.4	24.97587848	38.37877831	32.03981625
118	0.507267793	0.61037166	0.586565912		118	23.6	29.06430364	34.97172008	33.60775117	23.6	26.20240603	37.35666084	32.51019672
119	0.449835161	0.533918847	0.584172554		119	23.8	25.7736562	30.59129653	33.47062184	23.8	26.07378108	35.32705155	32.79832426
120	0.539320324	0.568412834	0.58223131		120	24	30.90077839	32.5676564	33.35939674	24	27.52188027	34.499233	32.966646
121	0.49242515	0.533865732	0.580997826		121	24.2	28.2138828	30.58825328	33.28872332	24.2	27.72948103	33.32593909	33.0632692
122	0.443256597	0.608543706	0.682908269		122	24.4	25.39673224	34.86698599	39.12776159	24.4	27.02965639	33.78825316	34.88261692
123	0.489246497	0.600140888	0.645573277		123	24.6	28.03175943	34.38553998	36.98862413	24.6	27.3302873	33.9674392	35.51441908
124	0.522757612	0.617552269	0.63982109		124	24.8	29.95180488	35.38313865	36.65904809	24.8	28.11674257	34.39214904	35.85780778
125	0.475442172	0.645711632	0.672939518		125	25	27.24082986	36.99655128	38.55659427	25	27.85396876	35.17346971	36.66744373
126	0.562016162	0.696565947	0.710805693		126	25.2	32.20115412	39.91028892	40.72616628	25.2	29.15812437	36.59451547	37.88506049
127	0.484141245	0.7107823	0.676583736		127	25.4	27.73925003	40.72482596	38.76539256	25.4	28.73246207	37.83360862	38.14916012
128	0.551233828	0.692221576	0.659315998		128	25.6	31.58337189	39.66137479	37.77602405	25.6	29.58773502	38.38193847	38.0372193
129	0.583131884	0.675955866	0.650904951		129	25.8	33.41099587	38.72941823	37.29410656	25.8	30.73471327	38.4861824	37.81428548
130	0.549453391	0.705980547	0.658798235		130	26	31.48136033	40.44970576	37.7463584	26	30.95870739	39.07523941	37.79390736
131	0.538252982	0.730016566	0.694399087		131	26.2	30.83962419	41.82686822	39.78613699	26.2	30.92298243	39.90072805	38.39157625
132	0.586985159	0.739351168	0.76790094		132	26.4	33.63177224	42.36170151	43.99748297	26.4	31.73561937	40.63902009	40.07334826
133	0.577225343	0.715291245	0.700291141		133	26.6	33.07257599	40.98316945	40.1237268	26.6	32.13670636	40.7422649	40.08846182
134	0.563398487	0.731337186	0.732559676		134	26.8	32.28035552	41.90253415	41.97257766	26.8	32.1798011	41.09034567	40.65369657
135	0.621603389	0.766381919	0.737270843		135	27	35.6152507	43.91044945	42.24250766	27	33.21043598	41.93637681	41.1303399
136	0.588861936	0.80732062	0.747433102		136	27.2	33.73930365	46.25606425	42.82476222	27.2	33.36909628	43.23228304	41.6386666
137	0.571862382	0.79043911	0.716413958		137	27.4	32.76530094	45.28882499	41.04749617	27.4	33.18795768	43.84924563	41.46131547
138	0.633657583	0.808645646	0.751628111		138	27.6	36.30590519	46.33198266	43.06511852	27.6	34.12334193	44.59406674	41.94245638
139	0.595342457	0.766530415	0.692854859		139	27.8	34.11061015	43.91895767	39.69765924	27.8	34.1195224	44.39153402	41.26901724
140	0.576279041	0.762530277	0.698405393		140	28	33.01835686	43.6897666	40.01568142	28	33.78917274	44.18100379	40.89301649
141	0.643898935	0.729717538	0.775914052		141	28.2	36.89269142	41.80973517	44.45660045	28.2	34.72022834	43.46962321	41.96209168
142	0.592476912	0.710460121	0.706607119		142	28.4	33.9464265	40.70636646	40.48560572	28.4	34.48808779	42.64064618	41.51914589
143	0.670292314	0.745098729	0.737898787		143	28.6	38.40492064	42.69101247	42.27848618	28.6	35.66313764	42.65575607	41.74694798
144	0.659593852	0.785577976	0.768795183		144	28.8	37.7919439	45.01030248	44.04871931	28.8	36.30177952	43.36211999	42.43747938
145	0.608339943	0.797691716	0.782293705		145	29	34.85531125	45.7043687	44.82212763	29	35.86783904	44.0647946	43.15287385
146	0.58834796	0.823975734	0.775568166		146	29.2	33.70985497	47.21033199	44.43678261	29.2	35.22044382	45.00845582	43.53804648
147	0.608077576	0.801696203	0.769174789		147	29.4	34.8402787	45.93380889	44.0704691	29.4	35.10639428	45.28606174	43.69777327
148	0.576252428	0.743017077	0.683864393		148	29.6	33.01683208	42.57174262	39.1825435	29.6	34.47952562	44.47176601	42.34320434
149	0.504892299	0.775602767	0.694241805		149	29.8	28.92819786	44.43876512	39.7771254	29.8	32.81412729	44.46186574	41.57338066
150	0.506890744	0.727250459	0.751936484		150	30	29.04270029	41.66838195	43.08278698	30	31.68269919	43.6238206	42.02620255
151	0.520928643	0.784339752	0.768597761		151	30.2	29.84701265	44.9393575	44.03740783	30.2	31.13199323	44.01848167	42.62956414
152	0.470002527	0.817046097	0.682663668		152	30.4	26.92916115	46.81329305	39.11374699	30.4	29.87114361	44.85692509	41.57481899
153	0.51641121	0.769943506	0.669511004		153	30.6	29.58818285	44.11451333	38.36015486	30.6	29.78625538	44.63420156	40.61041976
154	0.448228248	0.784932591	0.737861803		154	30.8	25.68158684	44.97332465	42.27636718	30.8	28.55485482	44.73593849	41.11020398
155	0.519952491	0.708017385	0.712960456		155	31	29.79108326	40.566408	40.8496251	31	28.92572335	43.48507934	41.03203032
156	0.525886488	0.726166058	0.678934466		156	31.2	30.13107629	41.60625035	38.90007948	31.2	29.28732923	42.92143064	40.39244507
157	0.536128974	0.713168681	0.70087772		157	31.4	30.71792747	40.86155552	40.15733533	31.4	29.7165087	42.30346811	40.32191215
158	0.578483753	0.773238828	0.677776233		158	31.6	33.14467754	44.30332142	38.83371762	31.6	30.74495935	42.9034241	39.87545379
159	0.574972885	0.725015763	0.668604817		159	31.8	32.94351962	41.54034329	38.30823419	31.8	31.40452743	42.49449986	39.40528791
160	0.532815509	0.754845296	0.738916862		160	32	30.52807992	43.24944962	42.33681761	32	31.14159318	42.72098479	40.28474682
161	0.584827533	0.745508075	0.701599497		161	32.2	33.50814939	42.7144663	40.19869008	32.2	31.85156004	42.71902924	40.2589298
162	0.599052261	0.766284371	0.705348379		162	32.4	34.32316627	43.90486036	40.41348521	32.4	32.59304191	43.07477858	40.30529642
163	0.633080813	0.750005805	0.674881068		163	32.6	36.27285868	42.97216722	38.66783686	32.6	33.69698694	43.04399517	39.81405855
164	0.634035977	0.728765877	0.665200253		164	32.8	36.32758555	41.75520903	38.11316705	32.8	34.48616652	42.65735933	39.3037911
165	0.654322877	0.760074218	0.626283896		165	33	37.48993928	43.54904481	35.88342399	33	35.38729835	42.92486497	38.27768097
166	0.591830592	0.730000266	0.687148109		166	33.2	33.9093951	41.82593426	39.37068655	33.2	34.94392737	42.59518576	38.60558264
167	0.620586666	0.751254881	0.723964475		167	33.4	35.55699679	43.043734	41.48010892	33.4	35.1278482	42.72975023	39.46794052
168	0.630820282	0.690308842	0.624067608		168	33.6	36.14333982	39.55178318	35.75644005	33.6	35.43249568	41.77636012	38.35449038
169	0.629830729	0.736665674	0.600797727		169	33.8	36.0866426	42.20783402	34.42317407	33.8	35.62873976	41.90580229	37.17509549
170	0.576435351	0.693496476	0.566949111		170	34	33.02731276	39.73442116	32.48379123	34	34.84831166	41.25438795	35.76770421
171	0.60806664	0.679553935	0.593433081		171	34.2	34.83965211	38.93557243	34.00121095	34.2	34.84571379	40.55874329	35.23775624
172	0.593707005	0.692361519	0.591456998		172	34.4	34.01690565	39.66939296	33.88798973	34.4	34.59707135	40.29193819	34.83282628
173	0.587495151	0.72108428	0.586987711		173	34.6	33.66099264	41.31508594	33.63191847	34.6	34.31624774	40.59888252	34.47255394
174	0.580283738	0.714547281	0.595877099		174	34.8	33.24780911	40.94054349	34.14124287	34.8	33.99571615	40.70138081	34.37316062
175	0.603294885	0.790090413	0.59622961		175	35	34.56625072	45.26884613	34.16144027	35	34.16687652	42.0716204	34.30964451
176	0.633361846	0.750725133	0.508053344		176	35.2	36.2889607	43.01338172	29.10931236	35.2	34.80350177	42.3541488	32.74954487
177	0.606837138	0.743163607	0.539828868		177	35.4	34.76920687	42.58013819	30.9299158	35.4	34.7932133	42.42194561	32.20365615
178	0.632876678	0.775738824	0.580548836		178	35.6	36.26116258	44.44656063	33.26299808	35.6	35.23359809	43.02933012	32.52145873
179	0.560430672	0.738649005	0.501755293		179	35.8	32.11031222	42.32147051	28.74846066	35.8	34.29661232	42.81697224	31.38955931
180	0.602957084	0.679845949	0.5896906		180	36	34.54689614	38.95230358	33.78678262	36	34.37169747	41.65757164	32.1087263
181	0.631421898	0.658547058	0.49833002		181	36.2	36.17780983	37.73196706	28.55220694	36.2	34.91353118	40.47989026	31.04177049
182	0.642918564	0.671165339	0.542580811		182	36.4	36.8365203	38.45494125	31.08759054	36.4	35.49042792	39.87240556	31.05551651
183	0.633979508	0.731148641	0.588046103		183	36.6	36.3243501	41.89173132	33.69255987	36.6	35.74060457	40.47820329	31.84662951
184	0.685824389	0.70829742	0.550058563		184	36.8	39.29484299	40.58245281	31.51603416	36.8	36.8068761	40.50947814	31.74745091
185	0.632204085	0.750514696	0.594284136		185	37	36.22262586	43.00132454	34.0499728	37	36.63160103	41.25703206	32.43820747
186	0.648368271	0.777814108	0.509026523		186	37.2	37.14876551	44.56546565	29.16507142	37.2	36.78675037	42.24956214	31.45626666
187	0.672561571	0.748747616	0.466912772		187	37.4	38.5349395	42.90007833	26.75213125	37.4	37.31120711	42.44471699	30.04502604
188	0.609167537	0.759075034	0.516016831		188	37.6	34.90272887	43.49179581	29.5655866	37.6	36.58866364	42.75884064	29.9011942
189	0.622316577	0.753624958	0.50204423		189	37.8	35.65611338	43.17952946	28.76501553	37.8	36.30889856	42.88504728	29.5603406
190	0.616910464	0.753229285	0.431337923		190	38	35.34636595	43.15685904	24.71384256	38	36.02013878	42.96659081	28.10639119
191	0.626419576	0.735614702	0.490044933		191	38.2	35.89119791	42.14761775	28.07750643	38.2	35.98145651	42.72089889	28.09772576
192	0.594822885	0.734529622	0.433035188		192	38.4	34.08084086	42.08544725	24.81108863	38.4	35.41127182	42.5302634	27.11173462
193	0.597537561	0.769038405	0.402936238		193	38.6	34.23638037	44.06265491	23.08654586	38.6	35.05880438	42.98998085	25.90417799
194	0.569194735	0.774309666	0.367002544		194	38.8	32.61245601	44.36467587	21.02769687	38.8	34.32489987	43.40238936	24.44123366
195	0.516480685	0.775328996	0.324681732		195	39	29.59216346	44.42307921	18.60289296	39	32.90507895	43.70859632	22.68973145
196	0.56360406	0.748940252	0.330223178		196	39.2	32.29213397	42.91111556	18.92039439	39.2	32.72119545	43.46935209	21.55893033
197	0.566071661	0.755421112	0.363541227		197	39.4	32.43351708	43.28244145	20.82937801	39.4	32.63489194	43.4132789	21.34006463
198	0.533344632	0.693189886	0.307467159		198	39.6	30.55839643	39.71685488	17.61657052	39.6	32.01194329	42.30435169	20.2230164
199	0.585373723	0.72830882	0.378990225		199	39.8	33.53944379	41.72902159	21.71454034	39.8	32.47019344	42.13175266	20.67047358
200	0.635070892	0.74100964	0.382515839		200	40	36.38688181	42.45672493	21.91654317	40	33.64519995	42.22924434	21.04429446
201	0.567727805	0.744158256	0.381229952		201	40.2	32.52840715	42.63712737	21.84286725	40.2	33.31016211	42.35160925	21.2838663
202	0.638255226	0.762056786	0.369040127		202	40.4	36.56933068	43.66263758	21.14444178	40.4	34.28791268	42.74491775	21.24203894
203	0.662002548	0.712874248	0.287822456		203	40.6	37.92995201	40.84468575	16.49101196	40.6	35.38052448	42.17484815	19.81673085
204	0.593792333	0.743363874	0.344615154		204	40.8	34.02179461	42.59161264	19.74499387	40.8	34.97290552	42.2998775	19.79520975
205	0.619392402	0.750771177	0.39095736		205	41	35.48857049	43.0160198	22.40020672	41	35.12760501	42.51472019	20.57670884
206	0.598626023	0.770677598	0.441006617		206	41.2	34.29874464	44.15657371	25.26781791	41.2	34.8789469	43.00727624	21.98404156
207	0.54615611	0.804063681	0.397219807		207	41.4	31.29244004	46.06945539	22.75901848	41.4	33.80299484	43.92592999	22.21653464
208	0.613700395	0.783282225	0.447227519		208	41.6	35.16244253	44.87876565	25.62424932	41.6	34.21082915	44.21178069	23.23884904
209	0.569192902	0.806881636	0.51699773		209	41.8	32.61235099	46.23091229	29.62178796	41.8	33.7312857	44.81752017	25.15373072
210	0.622786111	0.836752989	0.398574978		210	42	35.68301573	47.94241478	22.83666409	42	34.31680471	45.75498855	24.45861073
211	0.572689209	0.806971139	0.433445225		211	42.2	32.81267463	46.23604047	24.83458204	42.2	33.86556569	45.89930413	24.57140212
212	0.564007442	0.78801552	0.436303044		212	42.4	32.31524605	45.14996348	24.99832299	42.4	33.40046979	45.67450193	24.69947838
213	0.558902744	0.767138423	0.403630498		213	42.6	32.02276838	43.95379395	23.12632399	42.6	32.98715937	45.15828954	24.22753206
214	0.596302597	0.707676135	0.448078215		214	42.8	34.16562211	40.54685582	25.67299061	42.8	33.34069819	43.77485942	24.66116963
215	0.557399587	0.733771604	0.406018451		215	43	31.93664382	42.04201601	23.26314363	43	32.91948188	43.2550064	24.24176183
216	0.562900657	0.764383527	0.42787924		216	43.2	32.25183191	43.79595004	24.51567462	43.2	32.71918689	43.41728949	24.32393567
217	0.618093059	0.767819625	0.385191586		217	43.4	35.41412364	43.99282397	22.0698522	43.4	33.52766792	43.58994983	23.64771062
218	0.672407446	0.754197255	0.372789694		218	43.6	38.52610876	43.21231964	21.35927611	43.6	35.02720017	43.47666078	22.96118027
219	0.621479652	0.742297612	0.327740897		219	43.8	35.60816113	42.53052034	18.77817019	43.8	35.20148846	43.19281864	21.70627725
220	0.629793527	0.781865049	0.383167961		220	44	36.08451108	44.79756747	21.95390702	44	35.46639524	43.67424329	21.78056618
221	0.594921667	0.784515377	0.329354607		221	44.2	34.08650066	44.94942007	18.87062894	44.2	35.05242687	44.05679633	20.90758501
222	0.588594712	0.724842561	0.327814806		222	44.4	33.72399286	41.53041957	18.78240486	44.4	34.65389666	43.2988833	20.27003096
223	0.513835028	0.710556923	0.35026787		223	44.6	29.44057847	40.71191278	20.06887063	44.6	33.08990121	42.52279214	20.20968286
224	0.526291853	0.733714568	0.349802136		224	44.8	30.15430196	42.0387481	20.04218606	44.8	32.20922143	42.37757893	20.15943382
225	0.466277617	0.727935813	0.322496895		225	45	26.71573951	41.70764983	18.477711	45	30.56117686	42.1766002	19.65491698
226	0.516263387	0.75979017	0.333351322		226	45.2	29.57971317	43.53277004	19.09962384	45.2	30.26673775	42.58345115	19.48832904
227	0.548330243	0.712223839	0.374338547		227	45.4	31.41700871	40.80742005	21.44801884	45.4	30.61181904	42.05064182	20.07623598
228	0.549914634	0.774135635	0.426351554		228	45.6	31.5077876	44.35470464	24.42814463	45.6	30.88060961	42.74186067	21.38180857
229	0.553240028	0.742544595	0.389305277		229	45.8	31.69831865	42.54467137	22.30554934	45.8	31.12592232	42.68270388	21.6589308
230	0.480018328	0.711277928	0.291252335		230	46	27.50302429	40.75322332	16.68752958	46	30.03905291	42.10385971	20.16751044
231	0.566915241	0.666643055	0.261101451		231	46.2	32.48185063	38.19583347	14.96001115	46.2	30.77189222	40.93145184	18.60526065
232	0.517193289	0.669381822	0.28236292		232	46.4	29.63299266	38.35275328	16.1782036	46.4	30.43022236	40.15784227	17.87714354
233	0.467699546	0.669218373	0.284987976		233	46.6	26.79721005	38.34338837	16.32860824	46.6	29.34031866	39.6135061	17.41258295
234	0.480995675	0.685298926	0.297763309		234	46.8	27.55902213	39.26473616	17.06058091	46.8	28.8059297	39.50887512	17.30698234
235	0.551521312	0.657143803	0.322244173		235	47	31.59984347	37.65156644	18.46323107	47	29.64410383	38.95168251	17.65385696
236	0.518029738	0.699595465	0.334500057		236	47.2	29.68091763	40.08386752	19.1654415	47.2	29.65514797	39.29133802	18.10733232
237	0.527901235	0.710875383	0.370041673		237	47.4	30.24651275	40.73015918	21.20182612	47.4	29.83255741	39.72298436	19.03568046
238	0.508926418	0.671118406	0.3345658		238	47.6	29.15933584	38.45225222	19.16920833	47.6	29.63059094	39.34176472	19.07573882
239	0.572313518	0.729383012	0.295908906		239	47.8	32.79114911	41.79056825	16.95433141	47.8	30.57875839	40.07640578	18.4393166
240	0.566191878	0.672989045	0.365247735		240	48	32.440405	38.55943196	20.92715367	48	31.13725237	39.62131364	19.18566772
241	0.56447012	0.665334914	0.374412842		241	48.2	32.34175553	38.12088252	21.45227564	48.2	31.49860332	39.1711843	19.86565009
242	0.528933276	0.695506629	0.364510632		242	48.4	30.30564434	39.84959447	20.88492078	48.4	31.14071563	39.37470735	20.1714313
243	0.578928042	0.720193711	0.321729413		243	48.6	33.17013347	41.26406005	18.43373751	48.6	31.74954098	39.94151316	19.65012316
244	0.590567022	0.774380005	0.308296001		244	48.8	33.8369979	44.36870602	17.66405969	48.8	32.37577805	41.26967102	19.05430412
245	0.526588111	0.741600898	0.308496101		245	49	30.17127632	42.49060157	17.67552459	49	31.71442754	41.63595018	18.64067026
246	0.569368407	0.71772839	0.311093946		246	49.2	32.62240668	41.12280757	17.82437015	49.2	31.98682128	41.4820074	18.39578023
247	0.44121784	0.632331186	0.320714605		247	49.4	25.27992006	36.22990819	18.37559328	49.4	29.97475091	39.90637764	18.38972414
248	0.567427862	0.659141962	0.310431636		248	49.6	32.51122167	37.76605255	17.78642255	49.6	30.73569214	39.26428011	18.20873367
249	0.495327742	0.655922143	0.333177621		249	49.8	28.38018911	37.58157047	19.08967154	49.8	30.02904123	38.75946722	18.47301503
250	0.516139185	0.60639214	0.309972863		250	50	29.57259692	34.74371037	17.76013679	50	29.89210794	37.55474016	18.25915156
251	0.512617424	0.606837559	0.349071102		251	50.2	29.37081487	34.76923096	20.0003009	50.2	29.73572002	36.7190874	18.78149636
252	0.442935053	0.672895638	0.302148947		252	50.4	25.37830911	38.55408009	17.31185945	50.4	28.42849675	37.26958521	18.34060529
253	0.417727197	0.631214216	0.300884733		253	50.6	23.93400535	36.16591053	17.23942533	50.6	27.08014933	36.9384828	18.0102513
254	0.486550507	0.64954009	0.377748131		254	50.8	27.87729058	37.2159058	21.64337363	50.8	27.3192917	37.0217097	19.100188
255	0.487590362	0.659451857	0.318913603		255	51	27.93686989	37.7838082	18.27240348	51	27.50456516	37.25033925	18.85185264
256	0.524946754	0.653381709	0.314031975		256	51.2	30.07723348	37.43601432	17.99270682	51.2	28.27636566	37.30604177	18.5941089
257	0.582975994	0.660078997	0.338946494		257	51.4	33.40206402	37.81974066	19.42020358	51.4	29.81407517	37.46015144	18.8419373
258	0.499941353	0.617441335	0.404237647		258	51.6	28.64452952	35.37678259	23.16111112	51.6	29.46321147	36.83514078	20.13768945
259	0.478688481	0.630543593	0.370540516		259	51.8	27.42682964	36.1274867	21.23040768	51.8	28.85229692	36.62284456	20.46550492
260	0.494434272	0.662493366	0.391240361		260	52	28.32899701	37.95807385	22.41642145	52	28.69530695	37.02341335	21.05077988
261	0.495684325	0.605526543	0.413175967		261	52.2	28.40061979	34.69411532	23.67323909	52.2	28.6069008	36.32462394	21.83751764
262	0.537792461	0.665789701	0.436844683		262	52.4	30.81323828	38.14693989	25.02935662	52.4	29.26880204	36.87131872	22.79506933
263	0.500375069	0.675369496	0.426031435		263	52.6	28.6693796	38.69582176	24.40980315	52.6	29.08897531	37.41866963	23.27948948
264	0.471210925	0.674822746	0.406061179		264	52.8	26.99839726	38.66449529	23.26559179	52.8	28.46180189	37.79241733	23.27532017
265	0.491016737	0.679906267	0.448132471		265	53	28.13318668	38.95575959	25.67609924	53	28.36321733	38.14142001	23.99555389
266	0.464480906	0.710710755	0.412439623		266	53.2	26.61279561	40.7207267	23.63104969	53.2	27.83809081	38.91521201	23.88620263
267	0.533396698	0.685833728	0.406003417		267	53.4	30.56137962	39.29537807	23.26228228	53.4		39.02926183	23.69902652
		0.687838189	0.382294998		268	53.6		39.41022522	21.90388992	53.6		39.14355085	23.16048554
		0.689463178	0.318205531		269	53.8		39.50333021	18.23183396	53.8		39.25148466	21.68189007
		0.68072706	0.388639366		270	54		39.00278752	22.26739542	54		39.17687552	21.85754167
		0.708096586	0.397438167		271	54.2		40.57094587	22.77152958	54.2		39.59509662	22.13173805
		0.759455074	0.406634588		272	54.4		43.51357045	23.29844567	54.4		40.77063877	22.48175033
		0.742174428	0.40092817		273	54.6		42.52346237	22.97149203	54.6		41.29648585	
		0.781664446			274	54.8		44.78607374		54.8		42.34336222	
		0.71353342			275	55		40.88245352		55		41.90508961	
		0.79773814			276	55.2		45.70702858		55.2		43.0456713	
		0.695594304			277	55.4		39.85461787		55.4		42.08835527	
		0.685123946			278	55.6		39.25471057		55.6		41.23826186	
		0.77944502			279	55.8		44.65891002		55.8		42.26445631	
		0.754985185			280	56		43.25746469		56		42.56235882	
		0.731619106			281	56.2		41.91868698		56.2		42.36925727	
		0.741703791			282	56.4		42.49649688		56.4		42.40742915	
		0.71359152			283	56.6		40.88578241		56.6		41.95093513	
		0.729712178			284	56.8		41.80942808		56.8		41.90848302	
		0.746785643			285	57		42.78766552		57		42.17223777	
		0.767439369			286	57.2		43.9710369		57.2		42.71187751	
		0.781666262			287	57.4		44.78617779		57.4		43.33416759	
		0.767176128			288	57.6		43.9559543		57.6		43.5207036	
		0.730081939			289	57.8		41.8306138		57.8		43.01367666	
		0.695947322			290	58		39.87484434		58		42.07202697	
		0.726191425			291	58.2		41.60770379		58.2		41.93273001	
		0.724105491			292	58.4		41.48818853		58.4			
