0   0.7531033159744784
1   0.7258217994136908
2   0.7433331359389671
3   0.6676675997081597
4   0.760624656615909
5   0.6969083247239661
6   0.7335690641783151
7   0.7546930059440664
8   0.8121697991652116
9   0.8064182504574607
10   0.8358366009473908
11   0.8073100835815429
12   0.8620652225833138
13   0.8344483173167878
14   0.8369526014598028
15   0.7963307015662783
16   0.8216014862563441
17   0.7922872828994629
18   0.7621661868989731
19   0.7656993747839901
20   0.8058248906579243
21   0.7908927091639918
22   0.6893618110432742
23   0.6733558969913033
24   0.6958702909062171
25   0.6783559568281878
26   0.6662536040002415
27   0.6458071493965859
28   0.6881250795008773
29   0.694821980865543
30   0.6465806461881559
31   0.6278652786635247
32   0.629841267399721
33   0.5567566059307846
34   0.5436340107478932
35   0.6175612180232553
36   0.628823964346358
37   0.6184480657043696
38   0.553981478120274
39   0.5601449646095866
40   0.5731864568904442
41   0.5328886882538423
42   0.463756841753782
43   0.5172951205415469
44   0.4779408607427342
45   0.49384221214101376
46   0.4170483042978921
47   0.4521624223070819
48   0.47720807530024634
49   0.5069937226033104
50   0.469096716747832
51   0.43943926918143383
52   0.35079001752093136
53   0.3964474662563905
54   0.39536277816134574
55   0.397414169128223
56   0.39753292520083666
57   0.3641984100289891
58   0.35161092227333346
59   0.34006999886181827
60   0.29799423104114864
61   0.29154315163982214
62   0.3107870407284901
63   0.3629721473769573
64   0.430063797784453
65   0.45018259496540536
66   0.5300097056274089
67   0.5477719487625488
68   0.5306049718217976
69   0.4839230445361997
70   0.4764568256846348
71   0.5149184321739195
72   0.4998045083307816
73   0.422728254678467
74   0.45769408145490864
75   0.4471547746612699
76   0.41495334334885964
77   0.4624816909147673
78   0.43869683375190066
79   0.414963342861719
80   0.42837855303962424
81   0.4386052760733799
82   0.46191018121391325
83   0.5280374849795975
84   0.5376281872774966
85   0.49697555071430943
86   0.5273645364725826
87   0.5534876950976206
88   0.5540536971857534
89   0.6177781340552526
90   0.6304957784259546
91   0.6599693811243192
92   0.6507345492903152
93   0.6420713680681912
94   0.6316764060086044
95   0.6762298776794675
96   0.6154987030836268
97   0.5294406704728923
98   0.5803446205410655
99   0.5102357604173667
100   0.5408870467458499
101   0.5052603662819232
102   0.5206606511635592
103   0.563348815497117
104   0.5819817349874633
105   0.4951904341050661
106   0.4991377018529619
107   0.6127557337791597
108   0.6392964037760454
109   0.7323320175527902
110   0.6533372775485898
111   0.6876191769264152
112   0.6716542828891219
113   0.6634179003976022
114   0.693277283250004
115   0.6636782431479781
116   0.69659036441327
117   0.6836702039035428
118   0.6973657247427606
119   0.6488462388871518
120   0.7236181661165242
121   0.6714030589922643
122   0.7168376200558546
123   0.6760628985571705
124   0.7460775829907682
125   0.6722412792652608
126   0.6707198477327715
127   0.7082870137035595
128   0.6847545209723298
129   0.6530065872098683
130   0.6755023261728571
131   0.6427848861915219
132   0.7167569102019018
133   0.7030743760313793
134   0.7570088229547886
135   0.7458956775420544
136   0.7510252728899486
137   0.7358621664232576
138   0.6917995168911082
139   0.6988163657372205
140   0.5768738213707292
141   0.6344151700303405
142   0.6501401166699494
143   0.6351382515659955
144   0.6131751436966901
145   0.6263032959866616
146   0.5336721299494197
147   0.5168808701362636
148   0.46216399520343
149   0.4408801284376549
150   0.4431363672917922
151   0.47470165272568954
152   0.48651103908643756
153   0.43365630921641657
154   0.4552391248042412
155   0.46821466060377603
156   0.5223124662834657
157   0.501417573565814
158   0.5100642230819198
159   0.598908427308975
160   0.5675280200913967
161   0.5704480706287722
162   0.5011310927759854
163   0.4560826114907386
164   0.4520441408982881
165   0.4987842547097152
166   0.4807058105656511
167   0.4883256216542353
168   0.5521077669833555
169   0.5860974950490552
170   0.6009511788665743
171   0.6474944638364338
172   0.6625834774047348
173   0.6731769476506912
174   0.6559050006180718
175   0.7071325424801925
176   0.6745466130293049
177   0.6848692804645403
178   0.6851239020719602
179   0.6872207034563609
180   0.6885048604445906
181   0.7081890473551189
182   0.7008516876584354
183   0.7536403650172764
184   0.7345517248165115
185   0.8212920570782591
186   0.8132516932466435
187   0.7480626111074467
188   0.7780308317569793
189   0.824262779646731
190   0.8665306614271399
191   0.8542542629751253
192   0.8545136040233227
193   0.9029382422463816
194   0.8868116855476071
195   0.8262402585991864
196   0.8393442877237354
197   0.8599059889472105
198   0.9564365077150373
199   0.8802505104948635
200   0.8971044244335337
201   0.9325592544132616
202   0.8526075492395032
203   0.8697200753836616
204   0.8380446521354937
205   0.8433564187483602
206   0.8902679356113026
207   0.8598404420356713
208   0.8582184376543347
209   0.8738053725363344
210   0.8418509220089283
211   0.7964437242105541
212   0.8147115804981879
213   0.8165522745172122
214   0.8206512800204262
215   0.794947480741034
216   0.7624414464609562
217   0.7832362222391616
218   0.7721890743040822
219   0.7901640533120696
220   0.8165766834727982
221   0.7016306178980435
222   0.7209319705592756
223   0.6892434537409078
224   0.7280784759734071
225   0.7458268852337447
226   0.727736365310281
227   0.6395429073470401
228   0.6253762601367013
229   0.625378141454453
230   0.5876319967057514
231   0.5990368184301115
232   0.5814314419545433
233   0.5921534081249868
234   0.5497076588650127
235   0.5806383352557228
236   0.6036899648227061
237   0.5423310634897439
238   0.6026748564225686
239   0.5987303174683125
240   0.5967592066318979
241   0.5723956902774799
242   0.6341697637265002
243   0.5746200248864436
244   0.5977956554507493
245   0.6481427902622602
246   0.6466764156707193
247   0.6949789515423327
248   0.6532610303349463
249   0.6583129901782142
250   0.5939137977299603
251   0.5984615145495352
252   0.647462165755526
253   0.6314087631811315
254   0.5429764905402475
255   0.5774324030462746
256   0.5924498122864446
257   0.5885485104590455
258   0.5945598940442322
259   0.6071487860297204
260   0.5393755076763239
261   0.5317241420217309
262   0.5758310767291672
263   0.5912836986320359
264   0.6036042167254216
265   0.6133271908474961
266   0.6436818584679467
267   0.6323183238889054
268   0.6572316127723639
269   0.6723643271037446
270   0.6440185972209562
271   0.6341782125180834
272   0.6466947746276871
273   0.656257895899262
274   0.7398389434152933
275   0.7167631822688812
276   0.6749877232483109
277   0.6513957430270153
278   0.6614581983779366
279   0.6291415835102403
280   0.642999622324819
281   0.6071695287905807
282   0.5785609094917372
283   0.5404340623132275
284   0.5866208648501369
285   0.5685625314640813
286   0.5760931500858131
287   0.6264720434178441
288   0.6639862913931948
289   0.6067450712826441
290   0.6754086104103906
291   0.6798399782770668
292   0.657461915846696
293   0.6054690682814236
294   0.6334299657648829
295   0.6755663048832495
296   0.6240589707989268
297   0.6490869043384705
298   0.6343106841390392
299   0.6399208819376228
300   0.6446921591380039
301   0.6168584221536941
302   0.6567588813414144
303   0.7471889566222307
304   0.7044751869922952
305   0.6912760146688897
306   0.6916728682855153
307   0.678477719853992
308   0.6917631371427656
309   0.6834944605100668
310   0.6389566066447111
311   0.6903779544602431
312   0.648939343407835
313   0.6547417865069364
314   0.6185600204988527
315   0.6577947149703952
316   0.6140423501168343
317   0.6129111454980211
318   0.6805678083592676
319   0.6915368715108633
320   0.6704850545633697
321   0.6858289939034614
322   0.7234809891676229
323   0.7144773013674695
324   0.7367450577602196
325   0.6922363006551892
326   0.6532423123878062
327   0.6752508247722818
328   0.7070160269036103
329   0.6728699374391588
330   0.6705656213375468
331   0.7096135751018753
332   0.704929171164234
333   0.6652107879523567
