0   0.6822816103630526
1   0.5788296549504653
2   0.6821019083928995
3   0.6705916700312743
4   0.7061042080072518
5   0.6197064016659983
6   0.6046332794772042
7   0.6878111045465218
8   0.6634840514577228
9   0.657790660147298
10   0.6396449457828685
11   0.6642547328645589
12   0.6851791011931316
13   0.5936026841225635
14   0.6439699969195504
15   0.5199356248023641
16   0.6249128346082132
17   0.5499824440198129
18   0.49793932771329535
19   0.5482695030953293
20   0.6520059747178928
21   0.6726490449223159
22   0.6228083980984708
23   0.5459481171214077
24   0.5982226025963813
25   0.5385310177726512
26   0.5255253112052997
27   0.5138092850878594
28   0.5316184492310105
29   0.504152581424424
30   0.5141351631476554
31   0.5302154661298529
32   0.5141808265920046
33   0.5171764704290889
34   0.48789058882284764
35   0.5317136995657127
36   0.5801012279950425
37   0.5393148379420886
38   0.5395283794503227
39   0.5180348275513007
40   0.520589539587043
41   0.5146653609226637
42   0.4607699487693456
43   0.5232672990919888
44   0.4949767507618092
45   0.4554706253200876
46   0.41702505137791884
47   0.37553536270954657
48   0.45267040452056134
49   0.4354014623644116
50   0.40817445150642667
51   0.4569895214614236
52   0.3807625309339747
53   0.4525621960225103
54   0.4759432334723647
55   0.5192070481585797
56   0.5582766607104289
57   0.4651858165999385
58   0.43147917343674574
59   0.41747820964659516
60   0.3924680912498061
61   0.4023888401524855
62   0.46765048249922314
63   0.47068496420300476
64   0.41546604999852643
65   0.49619313844082785
66   0.5620609766378966
67   0.5781747866980774
68   0.5489427495365236
69   0.45943739342466383
70   0.39679260117091203
71   0.4384622311892576
72   0.4155117768772627
73   0.34248499425165857
74   0.40442823885130114
75   0.38585789527604
76   0.4213272612044817
77   0.45233579370899535
78   0.5072677932661184
79   0.5702260728626132
80   0.49242514955813793
81   0.4769165404179924
82   0.5227576120003448
83   0.5097464113536081
84   0.48414124513455853
85   0.5498658972408406
86   0.5494533907868159
87   0.5499728914786847
88   0.5772253431274589
89   0.6038843983641169
90   0.5888619360429503
91   0.6095552674649182
92   0.595342456995567
93   0.6494918998238911
94   0.592476911685243
95   0.6466748382387895
96   0.6083399430492367
97   0.5496228009160009
98   0.5762524283831645
99   0.4665429899438718
100   0.5209286425540712
101   0.5040186262714078
102   0.4482282475185589
103   0.4886463587755011
104   0.5361289737225171
105   0.5295334522356325
106   0.532815508852877
107   0.6096824907810282
108   0.6330808130092336
109   0.6687224607063781
110   0.5918305917746917
111   0.6129992693741504
112   0.6298307294474136
113   0.5212103130166944
114   0.5937070049252937
115   0.6110595788620238
116   0.6032948852087693
117   0.5919957054900417
118   0.6328766776583169
119   0.5787415100646276
120   0.6314218977381556
121   0.6652147501038802
122   0.6858243892857231
123   0.5841658885367768
124   0.6725615713075416
125   0.5908618629949355
126   0.6169104644081084
127   0.603671238605428
128   0.5975375614049826
129   0.5476052307331779
130   0.5636040602983904
131   0.5278686660572979
132   0.5853737234318617
133   0.60785893013635
134   0.6382552255676678
135   0.6312918421302753
136   0.619392401801426
137   0.5933645932428098
138   0.6137003951069716
139   0.6572274708122925
140   0.5726892087610064
141   0.5075409687291899
142   0.5963025968686914
143   0.5462599121422591
144   0.6180930592877482
145   0.694288843278128
146   0.6297935272766473
147   0.630906559526733
148   0.5138350279925706
149   0.5071369211004432
150   0.5162633865800778
151   0.5593347259725825
152   0.5532400277374446
153   0.49045271824467407
154   0.5171932891334049
155   0.4519322112670445
156   0.5515213117027905
157   0.5081132369055248
158   0.5089264181764558
159   0.6533796301592255
160   0.5644701198995654
161   0.5936240963207146
162   0.5905670223496333
163   0.5185039205772817
164   0.44121783971705436
165   0.47823981998520015
166   0.5161391845629895
167   0.4693019632169511
168   0.4177271965435846
169   0.5122049868756581
170   0.5249467541892149
171   0.5185378117392879
172   0.47868848060758185
173   0.549285724137008
174   0.537792461156766
175   0.5067094474709567
176   0.49101673666967577
177   0.4767611907821608
178   0.4923867163683798
179   0.4264205454498859
180   0.45565961017452894
181   0.510809836335013
182   0.489223712785479
183   0.48538009311608793
184   0.4501829247551263
185   0.4745121332347289
186   0.5264187167329515
187   0.49078265212040456
188   0.49594573712245743
189   0.4471989402640185
190   0.44213758403741765
191   0.5374788109145683
192   0.5129948693308832
193   0.5682415925367807
194   0.5410884048417468
195   0.5800233296562146
196   0.5895265669203145
197   0.6717190455362408
198   0.6994545828938865
199   0.6467629713197043
200   0.535494650779082
201   0.6309241603551242
202   0.6210975371213031
203   0.6310685254932693
204   0.5408044722807787
205   0.5799714129608017
206   0.604146979113013
207   0.6616138645209926
208   0.6249536888737235
209   0.6441033152289309
210   0.615880388554926
211   0.564635137999383
212   0.6366939230603352
213   0.531611478526162
214   0.5388208001675281
215   0.6213902372478042
216   0.5591974250709285
217   0.5968029230353213
218   0.5775773454661625
219   0.6031633194309873
220   0.6556251028998116
221   0.6094020661099401
222   0.6914327150350552
223   0.5971483953511784
224   0.6748010015780652
225   0.7336322799868442
226   0.6128103614325104
227   0.5541628149825579
228   0.5665929073612691
229   0.45957189089761946
230   0.5282662916721724
231   0.44840201789811956
232   0.42422026592440887
233   0.4172953776848685
234   0.42448598875698146
235   0.4290017137533005
236   0.36436948130741986
237   0.42594110913571387
238   0.5612670782860665
239   0.5144199446295818
240   0.47488650381086034
241   0.46730600019404955
242   0.6335209824080349
243   0.653040148540301
244   0.5872394239964509
245   0.6715347549654199
246   0.6279127856498025
247   0.6559149706330778
248   0.6034325718527991
249   0.5408666648831763
250   0.5766283249133325
251   0.6283099710768754
252   0.6216033401008565
253   0.6139601848749819
254   0.5580932668706561
255   0.5666646933418117
256   0.5832116330602989
257   0.5802994732312139
258   0.6372992784674458
259   0.5941928826350886
260   0.6323287741489013
261   0.5884670785369813
262   0.6140161715159638
263   0.603342715020799
264   0.590052868719673
265   0.6028521243058808
266   0.6685558237227013
267   0.6076090638311065
268   0.6317487712063906
269   0.5680839902271412
270   0.5079974311676546
271   0.5610669295761191
272   0.5752659793624553
273   0.5807717024144418
274   0.7578773747601434
275   0.667676922258675
276   0.6403935600469977
277   0.6350836958541635
278   0.6505065536502006
279   0.5294151022452954
280   0.646888216843675
281   0.6293983373015923
282   0.6360410794031458
283   0.528995607891121
284   0.6016540994929811
285   0.5283511115182733
286   0.513105054553976
287   0.4928228805302756
288   0.5533328418014476
289   0.5566510188400617
290   0.6227812504135928
291   0.6756655850400755
292   0.6880024250913569
293   0.5829202768222381
294   0.6239779132906802
295   0.6726285986353967
296   0.7137352851784211
297   0.5996955638501074
298   0.6559251748913074
299   0.6720842573339664
300   0.5511006279861594
301   0.5789010669557981
302   0.5687592122410573
303   0.6052133864231926
304   0.5022061909858897
305   0.5389748766653161
306   0.6002440148641424
307   0.5662036729390983
308   0.5506172603456716
309   0.518893424241116
310   0.5040038393684156
311   0.540251267379498
312   0.5604988917377587
313   0.42858962928675043
314   0.4794944478090174
315   0.4477438521126087
316   0.3738386654489238
317   0.38233384934950787
318   0.4462699532098785
319   0.4742823415175399
320   0.5075536633403823
321   0.4957127568635732
322   0.5047907246386963
323   0.4395404121541644
324   0.5028545463506943
325   0.56094765329876
326   0.5779520618468582
327   0.5612279242717533
328   0.5994804987529511
329   0.5134257891318991
330   0.4971648911801386
331   0.5568540332643123
332   0.41922581928784447
333   0.46987867240447334
