Frame	Time	Elec	VdW	Nonbond
0	0	3.0099	-2.0432	0.9667
1	0.2	-50.6675	-5.6774	-56.3449
2	0.4	-79.6095	-4.211	-83.8205
3	0.6	-80.5182	-0.4634	-80.9816
4	0.8	-69.991	-6.8979	-76.8889
5	1	-79.0703	1.1212	-77.9491
6	1.2	-48.6276	-10.7298	-59.3574
7	1.4	-64.4903	-3.8746	-68.3649
8	1.6	-56.6549	-1.4053	-58.0602
9	1.8	-47.2289	-3.6351	-50.864
10	2	-78.5041	-1.0289	-79.533
11	2.2	-72.3119	-7.1282	-79.4401
12	2.4	-75.7445	-6.5069	-82.2514
13	2.6	-76.2855	-1.0733	-77.3588
14	2.8	-82.6059	-1.8106	-84.4165
15	3	-78.0391	1.2591	-76.78
16	3.2	-83.4211	1.981	-81.4401
17	3.4	-53.3642	-3.7807	-57.1449
18	3.6	-70.5596	-8.0455	-78.6051
19	3.8	-70.6476	3.0847	-67.5629
20	4	-72.4965	-3.0377	-75.5342
21	4.2	-69.735	-2.2062	-71.9412
22	4.4	-72.6859	0.4516	-72.2343
23	4.6	-70.6648	-0.2136	-70.8784
24	4.8	-72.9907	-2.4149	-75.4056
25	5	-72.3446	-1.8832	-74.2278
26	5.2	-70.4529	-7.383	-77.8359
27	5.4	-47.4718	-4.3767	-51.8485
28	5.6	-45.9398	-3.4306	-49.3704
29	5.8	-40.595	-7.2613	-47.8563
30	6	-48.454	-2.7003	-51.1543
31	6.2	-73.3913	0.9857	-72.4056
32	6.4	-66.8495	-2.2433	-69.0928
33	6.6	-35.2468	-5.259	-40.5058
34	6.8	-24.7495	-2.7665	-27.516
35	7	-8.3546	-4.8078	-13.1624
36	7.2	-1.6851	-3.4626	-5.1477
37	7.4	-3.402	-1.5351	-4.9371
38	7.6	-0.5758	-0.9626	-1.5384
39	7.8	0.5117	-2.4123	-1.9006
40	8	-32.1145	-3.0208	-35.1353
41	8.2	-9.8863	-2.9509	-12.8372
42	8.4	-4.2409	-5.4198	-9.6607
43	8.6	-3.2602	-6.302	-9.5622
44	8.8	-1.4271	-5.0992	-6.5263
45	9	-6.965	-10.8374	-17.8024
46	9.2	-4.3269	-6.6573	-10.9842
47	9.4	-2.0908	-9.5425	-11.6333
48	9.6	-4.2875	-13.4338	-17.7213
49	9.8	-1.0024	-5.4946	-6.497
50	10	-3.8812	-6.3344	-10.2156
51	10.2	-6.2006	-10.5437	-16.7443
52	10.4	-0.0946	-6.2178	-6.3124
53	10.6	-0.8041	-3.5927	-4.3968
54	10.8	-0.7651	-7.0402	-7.8053
55	11	-2.0108	-3.3828	-5.3936
56	11.2	-4.8481	-6.4154	-11.2635
57	11.4	-4.7916	-7.7707	-12.5623
58	11.6	-1.3611	-5.2378	-6.5989
59	11.8	-4.3103	-5.1318	-9.4421
60	12	-1.1925	-5.9788	-7.1713
61	12.2	0.1609	-7.0126	-6.8517
62	12.4	-0.5234	-7.1032	-7.6266
63	12.6	2.5517	-7.1571	-4.6054
64	12.8	0.2131	-3.2596	-3.0465
65	13	1.492	-8.5825	-7.0905
66	13.2	-1.1823	-6.3834	-7.5657
67	13.4	1.2735	-7.7809	-6.5074
68	13.6	0.5711	-7.0938	-6.5227
69	13.8	-0.3399	-5.2891	-5.629
70	14	2.1143	-8.2895	-6.1752
71	14.2	2.4917	-8.7512	-6.2595
72	14.4	-0.3354	-6.7898	-7.1252
73	14.6	3.7606	-7.1617	-3.4011
74	14.8	0.8843	-8.1992	-7.3149
75	15	-1.663	-7.5933	-9.2563
76	15.2	1.7082	-6.1266	-4.4184
77	15.4	-0.7345	-7.1135	-7.848
78	15.6	0.1933	-5.1283	-4.935
79	15.8	2.8827	-7.6321	-4.7494
80	16	1.0497	-10.3172	-9.2675
81	16.2	1.9469	-5.0608	-3.1139
82	16.4	-4.4427	-9.057	-13.4997
83	16.6	4.5609	-9.0207	-4.4598
84	16.8	1.5778	-9.0601	-7.4823
85	17	-2.5907	-10.177	-12.7677
86	17.2	10.4594	-10.8683	-0.4089
87	17.4	3.0953	-9.6788	-6.5835
88	17.6	3.9275	-9.2843	-5.3568
89	17.8	-2.6266	-7.9327	-10.5593
90	18	3.6991	-8.8134	-5.1143
91	18.2	-16.9057	-5.5394	-22.4451
92	18.4	-13.6723	-10.1591	-23.8314
93	18.6	1.0485	-3.6027	-2.5542
94	18.8	5.9336	-4.7972	1.1364
95	19	3.6194	-7.3191	-3.6997
96	19.2	4.9584	-7.2527	-2.2943
97	19.4	-1.918	-5.9184	-7.8364
98	19.6	-2.5398	-8.1779	-10.7177
99	19.8	0.115	-7.6467	-7.5317
100	20	0.7537	-7.784	-7.0303
101	20.2	2.2214	-8.9951	-6.7737
102	20.4	1.3791	-8.6633	-7.2842
103	20.6	0.0888	-8.2921	-8.2033
104	20.8	-0.0083	-5.6384	-5.6467
105	21	-0.0441	-6.6754	-6.7195
106	21.2	0.6524	-8.9801	-8.3277
107	21.4	1.7779	-6.4144	-4.6365
108	21.6	-0.876	-11.8958	-12.7718
109	21.8	-1.9895	-10.4064	-12.3959
110	22	0.6901	-6.5118	-5.8217
111	22.2	-0.163	-6.2481	-6.4111
112	22.4	1.6608	-9.8776	-8.2168
113	22.6	-0.2153	-7.958	-8.1733
114	22.8	-0.6513	-8.0748	-8.7261
115	23	-2.1082	-5.5094	-7.6176
116	23.2	1.5006	-7.4512	-5.9506
117	23.4	-1.9869	-6.2041	-8.191
118	23.6	1.799	-8.5832	-6.7842
119	23.8	-3.5859	-7.1499	-10.7358
120	24	0.0982	-7.8817	-7.7835
121	24.2	0.9933	-5.9261	-4.9328
122	24.4	-0.6771	-7.0741	-7.7512
123	24.6	-0.4001	-8.0917	-8.4918
124	24.8	-1.0279	-7.2142	-8.2421
125	25	0.2131	-8.618	-8.4049
126	25.2	-2.3626	-7.5859	-9.9485
127	25.4	-1.5928	-7.2062	-8.799
128	25.6	-0.2725	-7.0217	-7.2942
129	25.8	1.2944	-6.0779	-4.7835
130	26	-1.6981	-4.7795	-6.4776
131	26.2	0.0894	-8.4297	-8.3403
132	26.4	3.6174	-12.4721	-8.8547
133	26.6	1.4937	-14.9366	-13.4429
134	26.8	0.1989	-9.4795	-9.2806
135	27	-0.6438	-10.8605	-11.5043
136	27.2	1.9739	-4.8183	-2.8444
137	27.4	5.159	-7.9892	-2.8302
138	27.6	3.1599	-8.8149	-5.655
139	27.8	-2.0698	-8.3341	-10.4039
140	28	3.5441	-6.8497	-3.3056
141	28.2	-0.1998	-6.9661	-7.1659
142	28.4	0.0595	-15.7467	-15.6872
143	28.6	2.7238	-13.6702	-10.9464
144	28.8	-0.7854	-13.4958	-14.2812
145	29	-2.4888	-13.8946	-16.3834
146	29.2	-1.1137	-12.9501	-14.0638
147	29.4	-0.1626	-12.2075	-12.3701
148	29.6	1.0392	-15.1056	-14.0664
149	29.8	0.9657	-15.8763	-14.9106
150	30	0.6178	-16.8783	-16.2605
151	30.2	-0.8791	-15.1904	-16.0695
152	30.4	-1.5642	-14.9484	-16.5126
153	30.6	-0.5491	-16.6989	-17.248
154	30.8	0.4916	-17.0395	-16.5479
155	31	-2.7773	-18.3978	-21.1751
156	31.2	2.5339	-9.0692	-6.5353
157	31.4	2.1889	-8.941	-6.7521
158	31.6	4.8493	-15.7034	-10.8541
159	31.8	3.7461	-16.2048	-12.4587
160	32	-1.2522	-15.6607	-16.9129
161	32.2	2.9409	-11.5345	-8.5936
162	32.4	0.3555	-2.4368	-2.0813
163	32.6	-1.6373	-14.1431	-15.7804
164	32.8	5.2676	-13.8304	-8.5628
165	33	5.3949	-11.683	-6.2881
166	33.2	2.3824	-13.2249	-10.8425
167	33.4	3.6815	-14.1225	-10.441
168	33.6	4.4779	-17.1431	-12.6652
169	33.8	2.9021	-16.0459	-13.1438
170	34	0.0874	-12.928	-12.8406
171	34.2	1.3381	-13.5921	-12.254
172	34.4	1.7453	-15.241	-13.4957
173	34.6	0.4945	-13.2592	-12.7647
174	34.8	1.6034	-11.3216	-9.7182
175	35	5.0108	-15.575	-10.5642
176	35.2	-1.4769	-14.1904	-15.6673
177	35.4	1.0345	-13.9841	-12.9496
178	35.6	3.6601	-15.2753	-11.6152
179	35.8	5.6562	-13.9378	-8.2816
180	36	4.9496	-15.7476	-10.798
181	36.2	0.8355	-15.6934	-14.8579
182	36.4	3.4952	-14.8461	-11.3509
183	36.6	0.3001	-16.1645	-15.8644
184	36.8	0.0397	-13.2108	-13.1711
185	37	2.1357	-15.9133	-13.7776
186	37.2	3.0749	-13.6083	-10.5334
187	37.4	2.4229	-12.9736	-10.5507
188	37.6	4.0969	-15.8241	-11.7272
189	37.8	4.0492	-13.0915	-9.0423
190	38	2.6501	-15.8159	-13.1658
191	38.2	0.1306	-14.4104	-14.2798
192	38.4	2.2999	-15.4038	-13.1039
193	38.6	2.2339	-14.8601	-12.6262
194	38.8	2.5282	-13.3947	-10.8665
195	39	1.2147	-15.6851	-14.4704
196	39.2	2.0248	-13.7317	-11.7069
197	39.4	2.1781	-13.7644	-11.5863
198	39.6	3.4712	-14.1999	-10.7287
199	39.8	3.0676	-14.7585	-11.6909
200	40	2.2865	-14.9106	-12.6241
201	40.2	-1.5195	-15.1663	-16.6858
202	40.4	-0.3129	-11.7342	-12.0471
203	40.6	1.578	-15.1183	-13.5403
204	40.8	1.6169	-14.3378	-12.7209
205	41	3.506	-17.2717	-13.7657
206	41.2	2.3333	-15.4376	-13.1043
207	41.4	3.1952	-14.1206	-10.9254
208	41.6	2.2672	-13.7353	-11.4681
209	41.8	1.7972	-11.855	-10.0578
210	42	1.4078	-14.9149	-13.5071
211	42.2	1.7054	-15.3748	-13.6694
212	42.4	0.8617	-13.5998	-12.7381
213	42.6	3.1534	-14.4477	-11.2943
214	42.8	1.0632	-15.8677	-14.8045
215	43	5.1779	-17.5543	-12.3764
216	43.2	2.8721	-16.0037	-13.1316
217	43.4	-4.9827	-10.6359	-15.6186
218	43.6	3.9906	-13.1017	-9.1111
219	43.8	1.9638	-16.0752	-14.1114
220	44	0.6819	-15.9399	-15.258
221	44.2	3.3695	-15.799	-12.4295
222	44.4	3.9729	-17.0145	-13.0416
223	44.6	2.6914	-15.3335	-12.6421
224	44.8	0.1789	-15.2316	-15.0527
225	45	4.6633	-15.6891	-11.0258
226	45.2	4.3885	-16.1534	-11.7649
227	45.4	3.5205	-12.291	-8.7705
228	45.6	2.0745	-15.4355	-13.361
229	45.8	1.4458	-15.6068	-14.161
230	46	-0.3503	-13.5412	-13.8915
231	46.2	0.7281	-15.4681	-14.74
232	46.4	1.2497	-15.1302	-13.8805
233	46.6	1.9113	-11.4074	-9.4961
234	46.8	3.7456	-15.3275	-11.5819
235	47	3.5373	-13.8334	-10.2961
236	47.2	1.1239	-13.1983	-12.0744
237	47.4	0.5463	-12.0566	-11.5103
238	47.6	1.7668	-12.7933	-11.0265
239	47.8	0.8886	-11.9006	-11.012
240	48	3.1017	-11.8267	-8.725
241	48.2	0.7486	-15.2106	-14.462
242	48.4	3.6555	-13.9311	-10.2756
243	48.6	2.1931	-13.6901	-11.497
244	48.8	0.9492	-13.9289	-12.9797
245	49	-1.053	-12.6184	-13.6714
246	49.2	1.2293	-13.3023	-12.073
247	49.4	2.2089	-12.711	-10.5021
248	49.6	-5.1431	-14.3234	-19.4665
249	49.8	-1.1395	-14.649	-15.7885
250	50	0.3489	-15.8355	-15.4866
251	50.2	-0.8102	-15.2549	-16.0651
252	50.4	0.1199	-18.0359	-17.916
253	50.6	0.71	-16.4121	-15.7021
254	50.8	1.2425	-14.8029	-13.5604
255	51	0.2387	-13.1186	-12.8799
256	51.2	1.2514	-11.0848	-9.8334
257	51.4	0.763	-14.4943	-13.7313
258	51.6	-0.5303	-13.3215	-13.8518
259	51.8	1.0317	-14.6655	-13.6338
260	52	1.8489	-15.379	-13.5301
261	52.2	4.4526	-14.0422	-9.5896
262	52.4	2.304	-15.2808	-12.9768
263	52.6	-0.0358	-16.4607	-16.4965
264	52.8	3.561	-11.8894	-8.3284
265	53	1.8429	-15.6247	-13.7818
266	53.2	0.4551	-14.2116	-13.7565
267	53.4	-2.2498	-11.2675	-13.5173
268	53.6	6.3134	-14.6882	-8.3748
269	53.8	0.279	-15.5308	-15.2518
270	54	2.1171	-15.0674	-12.9503
271	54.2	6.0811	-15.8762	-9.7951
272	54.4	2.1633	-14.2139	-12.0506
273	54.6	1.2704	-14.8984	-13.628
274	54.8	0.9812	-16.5063	-15.5251
275	55	2.74	-13.1308	-10.3908
276	55.2	1.6805	-14.3865	-12.706
277	55.4	1.2021	-18.0403	-16.8382
278	55.6	0.7462	-17.1989	-16.4527
279	55.8	0.03	-16.0319	-16.0019
280	56	4.1078	-17.6431	-13.5353
281	56.2	2.5193	-11.3628	-8.8435
282	56.4	2.2196	-13.3717	-11.1521
283	56.6	1.267	-16.6147	-15.3477
284	56.8	-2.8398	-16.5123	-19.3521
285	57	2.4251	-13.942	-11.5169
286	57.2	5.4287	-14.2528	-8.8241
287	57.4	5.8414	-14.78	-8.9386
288	57.6	-1.2489	-16.8418	-18.0907
289	57.8	3.3404	-15.6449	-12.3045
290	58	1.715	-16.2608	-14.5458
291	58.2	-1.6186	-18.0642	-19.6828
