Frame	Time	Elec	VdW	Nonbond
0	0	0.6517	0	0.6517
1	0.2	11.9074	-0.0759	11.8315
2	0.4	2.0667	-0.0302	2.0365
3	0.6	-0.0007	0	-0.0007
4	0.8	0.072	0	0.072
5	1	-0.1605	0	-0.1605
6	1.2	4.123	-0.0081	4.1149
7	1.4	2.1976	-0.017	2.1806
8	1.6	-1.3541	-0.001	-1.3551
9	1.8	0.0051	0	0.0051
10	2	-0.9169	-0.003	-0.9199
11	2.2	0	0	0
12	2.4	-0.2412	-0.0015	-0.2427
13	2.6	-0.77	-0.0128	-0.7828
14	2.8	2.1531	-0.0295	2.1236
15	3	-4.6785	-0.0427	-4.7212
16	3.2	21.6018	-0.5271	21.0747
17	3.4	12.7172	-0.0367	12.6805
18	3.6	12.2961	-0.065	12.2311
19	3.8	10.9177	-0.0405	10.8772
20	4	0.2831	-0.0505	0.2326
21	4.2	9.7314	-0.1063	9.6251
22	4.4	7.6063	-0.0615	7.5448
23	4.6	19.0638	-0.3393	18.7245
24	4.8	2.3974	-0.0419	2.3555
25	5	7.4473	-0.0199	7.4274
26	5.2	47.3981	-0.4058	46.9923
27	5.4	-9.9815	-0.5093	-10.4908
28	5.6	1.177	-0.2109	0.9661
29	5.8	15.2716	-0.1494	15.1222
30	6	24.2277	-0.2755	23.9522
31	6.2	3.0822	-0.0318	3.0504
32	6.4	10.7299	-0.0695	10.6604
33	6.6	-8.3904	-0.0817	-8.4721
34	6.8	22.2147	-0.9142	21.3005
35	7	4.8271	-0.1316	4.6955
36	7.2	-6.3231	-0.7593	-7.0824
37	7.4	3.0645	-1.1542	1.9103
38	7.6	0.2009	-0.4045	-0.2036
39	7.8	8.6012	-1.9802	6.621
40	8	42.6392	-0.3074	42.3318
41	8.2	22.8629	-0.5089	22.354
42	8.4	0.5382	-0.511	0.0272
43	8.6	-29.6782	-0.9217	-30.5999
44	8.8	-4.1701	-1.2384	-5.4085
45	9	-16.6301	-3.1969	-19.827
46	9.2	36.7127	-4.943	31.7697
47	9.4	-21.3266	-3.4072	-24.7338
48	9.6	3.0384	-3.3053	-0.2669
49	9.8	-7.8017	-4.0228	-11.8245
50	10	74.0439	-8.5825	65.4614
51	10.2	54.3723	-2.931	51.4413
52	10.4	5.6077	-4.0319	1.5758
53	10.6	-0.0654	-4.0333	-4.0987
54	10.8	48.4415	-4.8744	43.5671
55	11	-51.9699	-7.7257	-59.6956
56	11.2	-47.6358	-4.107	-51.7428
57	11.4	-4.9998	-1.7791	-6.7789
58	11.6	-23.6804	-0.88	-24.5604
59	11.8	42.8352	-4.8697	37.9655
60	12	22.3622	-2.9932	19.369
61	12.2	22.8882	-1.8294	21.0588
62	12.4	1.0304	-3.6424	-2.612
63	12.6	-101.418	-9.2169	-110.635
64	12.8	-38.5885	-4.3782	-42.9667
65	13	-31.5934	-4.1083	-35.7017
66	13.2	35.1035	-3.6496	31.4539
67	13.4	86.3735	-1.3089	85.0646
68	13.6	49.2474	-1.9254	47.322
69	13.8	32.8188	-0.5891	32.2297
70	14	11.5689	-0.2625	11.3064
71	14.2	-3.051	-1.4437	-4.4947
72	14.4	31.4311	-1.5445	29.8866
73	14.6	4.2214	-2.4361	1.7853
74	14.8	-6.4406	-2.8815	-9.3221
75	15	-33.7195	-4.825	-38.5445
76	15.2	-84.4146	-1.9951	-86.4097
77	15.4	-11.0165	-1.9501	-12.9666
78	15.6	25.7742	-2.4519	23.3223
79	15.8	1.6341	-0.9618	0.6723
80	16	29.6433	-2.8851	26.7582
81	16.2	31.5378	-1.6823	29.8555
82	16.4	-8.5797	-0.534	-9.1137
83	16.6	45.872	-0.3903	45.4817
84	16.8	-9.1958	-0.3773	-9.5731
85	17	39.9915	-1.6531	38.3384
86	17.2	-4.5581	-0.8654	-5.4235
87	17.4	21.3718	-0.7694	20.6024
88	17.6	9.1695	-0.7927	8.3768
89	17.8	-4.1331	-0.2065	-4.3396
90	18	23.8654	-0.1595	23.7059
91	18.2	-11.7225	-0.3095	-12.032
92	18.4	14.0893	-0.4845	13.6048
93	18.6	9.0641	-0.0326	9.0315
94	18.8	1.1348	-0.0215	1.1133
95	19	13.9303	-0.1835	13.7468
96	19.2	8.25	-0.4012	7.8488
97	19.4	0.002	-0.0119	-0.0099
98	19.6	6.7473	-0.1333	6.614
99	19.8	31.6472	-0.9335	30.7137
100	20	12.6887	-0.0704	12.6183
101	20.2	19.4145	-0.0743	19.3402
102	20.4	26.1187	-0.8692	25.2495
103	20.6	20.6126	-0.1621	20.4505
104	20.8	34.916	-0.4465	34.4695
105	21	0.1545	-0.3841	-0.2296
106	21.2	28.6127	-0.228	28.3847
107	21.4	3.4472	-0.0248	3.4224
108	21.6	4.7611	-0.0039	4.7572
109	21.8	3.332	-0.0339	3.2981
110	22	1.6841	-0.0031	1.681
111	22.2	1.6477	-0.0046	1.6431
112	22.4	-2.3399	-0.0066	-2.3465
113	22.6	4.6864	-0.056	4.6304
114	22.8	18.8517	-0.2007	18.651
115	23	14.7654	-0.3433	14.4221
116	23.2	-15.446	-0.7461	-16.1921
117	23.4	9.4193	-1.1516	8.2677
118	23.6	-13.7543	-8.3145	-22.0688
119	23.8	-1.5027	-14.0468	-15.5495
120	24	24.3032	-12.6041	11.6991
121	24.2	2.4549	-5.475	-3.0201
122	24.4	-21.361	-3.0324	-24.3934
123	24.6	42.6519	-1.7834	40.8685
124	24.8	49.7715	-2.5341	47.2374
125	25	16.9144	-5.8783	11.0361
126	25.2	39.9016	-2.172	37.7296
127	25.4	25.2539	-1.1403	24.1136
128	25.6	11.5862	-3.1074	8.4788
129	25.8	52.6447	-5.2827	47.362
130	26	6.562	-4.0171	2.5449
131	26.2	-49.3476	-3.6958	-53.0434
132	26.4	-33.8752	-4.2362	-38.1114
133	26.6	-15.5446	-5.265	-20.8096
134	26.8	-11.6968	-14.6316	-26.3284
135	27	-123.4	-10.3078	-133.708
136	27.2	9.0546	-2.6238	6.4308
137	27.4	-20.2187	-4.9385	-25.1572
138	27.6	61.8962	-6.0419	55.8543
139	27.8	-11.9388	-2.5598	-14.4986
140	28	-1.3754	-0.7216	-2.097
141	28.2	10.9694	-1.1551	9.8143
142	28.4	-16.6386	-0.8883	-17.5269
143	28.6	-2.82	-0.2844	-3.1044
144	28.8	41.3274	-0.7983	40.5291
145	29	-22.9373	-0.8757	-23.813
146	29.2	98.0164	-1.7057	96.3107
147	29.4	25.1236	-0.8839	24.2397
148	29.6	44.989	-0.8043	44.1847
149	29.8	-44.9833	-1.0035	-45.9868
150	30	20.3596	-5.159	15.2006
151	30.2	-5.9935	-2.0636	-8.0571
152	30.4	12.0535	-1.1827	10.8708
153	30.6	13.7607	-0.1446	13.6161
154	30.8	5.3738	-0.1459	5.2279
155	31	-6.8645	-0.4716	-7.3361
156	31.2	-10.0285	-0.1682	-10.1967
157	31.4	-5.174	-0.0646	-5.2386
158	31.6	29.9534	-0.9058	29.0476
159	31.8	29.3835	-0.9527	28.4308
160	32	-19.2161	-0.7136	-19.9297
161	32.2	-9.9116	-0.6109	-10.5225
162	32.4	9.1526	-0.1229	9.0297
163	32.6	29.5706	-0.5461	29.0245
164	32.8	3.9335	-0.5272	3.4063
165	33	3.9422	-2.6294	1.3128
166	33.2	17.1006	-7.0864	10.0142
167	33.4	39.8946	-6.8822	33.0124
168	33.6	37.9479	-3.8483	34.0996
169	33.8	18.781	-4.6744	14.1066
170	34	-7.6787	-6.7949	-14.4736
171	34.2	23.3449	-1.6985	21.6464
172	34.4	-1.6346	-1.2241	-2.8587
173	34.6	29.5919	-2.0473	27.5446
174	34.8	2.5842	-1.1757	1.4085
175	35	-0.9165	-0.3796	-1.2961
176	35.2	5.8669	-0.2607	5.6062
177	35.4	17.1624	-0.9177	16.2447
178	35.6	24.6775	-1.3254	23.3521
179	35.8	-54.185	-5.0857	-59.2707
180	36	34.3675	-10.9969	23.3706
181	36.2	-72.2409	-7.9565	-80.1974
182	36.4	62.8442	-3.8002	59.044
183	36.6	12.2273	-1.2554	10.9719
184	36.8	49.3049	-1.1724	48.1325
185	37	23.2235	-0.8746	22.3489
186	37.2	11.2331	-0.9639	10.2692
187	37.4	53.101	-2.938	50.163
188	37.6	86.1128	-4.4942	81.6186
189	37.8	-7.6278	-2.6109	-10.2387
190	38	79.388	-3.5554	75.8326
191	38.2	36.417	-6.1077	30.3093
192	38.4	63.8351	-6.2299	57.6052
193	38.6	36.2419	-8.8927	27.3492
194	38.8	32.9928	-7.7898	25.203
195	39	3.8706	-14.3417	-10.4711
196	39.2	-76.7694	-7.9905	-84.7599
197	39.4	-53.1552	-10.9264	-64.0816
198	39.6	82.7509	-3.4973	79.2536
199	39.8	0.4256	-9.625	-9.1994
200	40	-53.9717	-9.2809	-63.2526
201	40.2	-27.9028	-3.516	-31.4188
202	40.4	-51.0674	-7.7122	-58.7796
203	40.6	-95.9977	-14.4089	-110.407
204	40.8	-167.555	-20.5226	-188.078
205	41	-195.61	-17.4451	-213.055
206	41.2	-144.797	-13.8586	-158.656
207	41.4	-32.77	-14.8372	-47.6072
208	41.6	-129.347	-15.6909	-145.038
209	41.8	-54.3586	-11.6511	-66.0097
210	42	-30.7964	-15.1714	-45.9678
211	42.2	-115.017	-19.5951	-134.612
212	42.4	-34.0847	-25.8185	-59.9032
213	42.6	-137.283	-12.3986	-149.682
214	42.8	-219.711	-21.9605	-241.671
215	43	-166.846	-18.1094	-184.956
216	43.2	-149.799	-15.1769	-164.976
217	43.4	-217.894	-25.6898	-243.584
218	43.6	-298.902	-37.7975	-336.7
219	43.8	-176.643	-19.5943	-196.238
220	44	-267.025	-20.1485	-287.174
221	44.2	-302.049	-20.4059	-322.455
222	44.4	-281.753	-21.1138	-302.867
223	44.6	-267.542	-22.5789	-290.121
224	44.8	-388.449	-32.915	-421.364
225	45	-351.46	-27.0558	-378.516
226	45.2	-405.955	-28.1498	-434.105
227	45.4	-306.307	-37.2192	-343.526
228	45.6	-244.451	-25.7397	-270.19
229	45.8	-220.844	-24.4522	-245.296
230	46	-105.499	-40.392	-145.891
231	46.2	-282.705	-27.9317	-310.637
232	46.4	-239.75	-20.4621	-260.212
233	46.6	-192.892	-21.1429	-214.035
234	46.8	-284.788	-26.2599	-311.047
235	47	-292.454	-18.6659	-311.12
236	47.2	-321.696	-19.7263	-341.422
237	47.4	-201.382	-24.7795	-226.162
238	47.6	-249.635	-23.2623	-272.898
239	47.8	-273.907	-33.8839	-307.791
240	48	-441.297	-36.5533	-477.851
241	48.2	-363.003	-27.5694	-390.572
242	48.4	-393.705	-24.0868	-417.792
243	48.6	-296.999	-25.7208	-322.72
244	48.8	-264.249	-30.8775	-295.127
245	49	-399.957	-22.1874	-422.145
246	49.2	-314.607	-24.6081	-339.215
247	49.4	-335.818	-39.9442	-375.762
248	49.6	-448.024	-38.3153	-486.339
249	49.8	-299.221	-34.3764	-333.597
250	50	-293.511	-48.1149	-341.625
251	50.2	-289.628	-33.2065	-322.835
252	50.4	-273.316	-36.7959	-310.112
253	50.6	-322.455	-30.2138	-352.668
254	50.8	-290.252	-33.192	-323.444
255	51	-382.868	-39.6954	-422.564
256	51.2	-357.419	-45.9519	-403.371
257	51.4	-318.049	-47.1681	-365.217
258	51.6	-313.582	-41.2738	-354.856
259	51.8	-398.03	-37.4376	-435.468
260	52	-426.416	-28.3717	-454.788
261	52.2	-523.317	-31.7248	-555.042
262	52.4	-501.839	-30.9133	-532.752
263	52.6	-477.881	-40.4373	-518.319
264	52.8	-534.939	-54.061	-589
265	53	-375.495	-47.3787	-422.874
266	53.2	-414.53	-43.6335	-458.163
267	53.4	-310.158	-42.0231	-352.181
268	53.6	-426.262	-29.9856	-456.248
269	53.8	-284.663	-27.7396	-312.403
270	54	-228.981	-39.187	-268.168
271	54.2	-306.285	-35.3532	-341.638
272	54.4	-432.254	-26.5661	-458.82
273	54.6	-262.842	-41.159	-304.001
274	54.8	-326.777	-29.4964	-356.273
275	55	-387.034	-29.8038	-416.838
276	55.2	-495.883	-35.0776	-530.961
277	55.4	-482.815	-28.0937	-510.909
278	55.6	-348.074	-22.2987	-370.373
279	55.8	-550.007	-30.1511	-580.158
280	56	-375.634	-22.4288	-398.063
281	56.2	-346.221	-17.9056	-364.126
282	56.4	-328.819	-14.2902	-343.109
283	56.6	-235.493	-20.9161	-256.409
284	56.8	-284.573	-16.2194	-300.792
285	57	-230.088	-16.8779	-246.966
286	57.2	-155.688	-14.9514	-170.64
287	57.4	-249.231	-10.3128	-259.544
288	57.6	-181.617	-27.4462	-209.063
289	57.8	-322.347	-40.3003	-362.647
290	58	-237.005	-29.225	-266.23
291	58.2	-230.005	-19.6161	-249.621
