0   0.688903678963751
1   0.6418740721148388
2   0.6296132264796203
3   0.6107650196491629
4   0.6769309817854697
5   0.7084204808938396
6   0.661689650083985
7   0.6057381493537352
8   0.5482395889715079
9   0.49586848126033295
10   0.5781570436502651
11   0.47908731156711537
12   0.6495747962117128
13   0.6245609271738664
14   0.622368283805228
15   0.5646842360562242
16   0.5769867578400736
17   0.6020620852363053
18   0.6347763965313351
19   0.5469290675256918
20   0.4353684352278225
21   0.5684204796855356
22   0.5792181859802817
23   0.5990855880466336
24   0.6030202594093552
25   0.58323878675809
26   0.6336091050069602
27   0.6102809513019479
28   0.663447269428919
29   0.6388584629839011
30   0.606254116707721
31   0.5986973559476911
32   0.5043158083432127
33   0.5057497250875667
34   0.546068057351466
35   0.5436050994137946
36   0.5253935439840273
37   0.6166714607401362
38   0.5115614639734732
39   0.5482393804643855
40   0.5405514514026102
41   0.4971594340735516
42   0.5012221680337146
43   0.4048850655709034
44   0.5137219776998004
45   0.3899353623254848
46   0.42462132831945487
47   0.47026559299662424
48   0.4645875216925892
49   0.44098452930335164
50   0.4376591105160811
51   0.4785058269945869
52   0.4305560625124512
53   0.4799572311535041
54   0.5179422740343177
