0   0.7649743073656159
1   0.6351262264056543
2   0.6583937620742945
3   0.6434768958853307
4   0.7446045104408895
5   0.7129229866855146
6   0.7054835043204137
7   0.6361350051192943
8   0.6222641324753126
9   0.5156206989904882
10   0.5538814999910199
11   0.5637281283744411
12   0.6355955079389833
13   0.6044656948983838
14   0.609973328281691
15   0.5516003995106569
16   0.5306348627927052
17   0.5520497651524828
18   0.6160583827188584
19   0.5629155068905143
20   0.48282066777957144
21   0.5851053344063892
22   0.6677371365911354
23   0.6739418218179355
24   0.6760485635194613
25   0.6468123329984734
26   0.6753113192821117
27   0.6116635898510329
28   0.6039343941763492
29   0.5579077977091035
30   0.5205088730400385
31   0.4784201846749406
32   0.47208934318040807
33   0.449216948807896
34   0.5398754362636705
35   0.5634060707967371
36   0.5095715217245157
37   0.5285174916975022
38   0.5243584917482513
39   0.5629064218052637
40   0.5605056135570201
41   0.5102045644874341
42   0.5539178044920834
43   0.506208368463756
44   0.5799496042864877
45   0.5856185024637864
46   0.5965966153182107
47   0.5295401049256924
48   0.6240952583311103
49   0.5464614890945773
50   0.564636140518934
51   0.5812699815265465
52   0.5217466857223253
53   0.5269274101784768
54   0.6118021977000401
