0   0.24071376242533896
1   0.18226595471948726
2   0.15204853377907043
3   0.13395458074970074
4   0.2052078326802479
5   0.09308892665084753
6   0.15764637038773074
7   0.10309973371565523
8   0.1889794473521201
9   0.12202925953670446
10   0.13595552861499474
11   0.21705308539996704
12   0.14756833415818246
13   0.15312799851953085
14   0.06888973060948053
15   0.13472355892029034
16   0.08258708400233498
17   0.11560334234662714
18   0.11052089527262235
19   0.08966683875882019
20   0.08349318128443389
21   0.09841693623476579
22   0.11596904405424732
23   0.14401094045505433
24   0.17004157336510128
25   0.15412410529668313
26   0.16138027096338747
27   0.16252889762898454
28   0.1434946183612664
29   0.12112618891431903
30   0.14624813189418717
31   0.290420085314938
32   0.3163576903268938
33   0.27420577246446753
34   0.27607451089621726
35   0.2982083878917245
36   0.29839071606922324
37   0.23971338428855987
38   0.13830088890927197
39   0.1921820812314973
40   0.21947964989372395
41   0.21501221182989336
42   0.20643236925292893
43   0.23831809963438272
44   0.25465994778091616
45   0.3349644996361709
46   0.29485870492993166
47   0.23477075066549732
48   0.27716754518221787
49   0.16617951979737355
50   0.1689927168357614
51   0.1061481002768964
52   0.12634076993481666
53   0.12060753280551789
54   0.15671967212929785
