0   0.46007307709959105
1   0.35219566245798484
2   0.23423753872080572
3   0.230530820027357
4   0.394080683205239
5   0.19214952178275693
6   0.18799506585060122
7   0.31393507630361017
8   0.28484172963212034
9   0.10562989088558035
10   0.18370190253769686
11   0.04720064403652385
12   0.2699736536443648
13   0.19288853631988143
14   0.24668971782176624
15   0.1495233605170258
16   0.4179817782342325
17   0.23499587141844755
18   0.2161669652046277
19   0.09863931753430671
20   0.13636141528679693
21   0.3393159849651644
22   0.30144673676256023
23   0.36987357779517577
24   0.29389229712692866
25   0.385635476542801
26   0.37540320848235703
27   0.27378350803197976
28   0.26507273480473365
29   0.08441886224739739
30   0.11288131949717879
31   0.16171942307945747
32   0.04670528477038393
33   0.015336678110601822
34   0.119737967175443
35   0.24150200228592633
36   0.11298943957320871
37   0.14711814351385064
38   0.22485173728160848
39   0.13341945091520677
40   0.11117500414928483
41   0.27835928544322197
42   0.20194623034182296
43   0.09512719419285233
44   0.11298167115029409
45   0.1246509266427544
46   0.15698144603863362
47   0.31753775928508865
48   0.10821782385199592
49   0.0874260470640615
50   0.14745416031149658
51   0.18877114007258272
52   0.13949187155786957
53   0.17637001222419385
54   0.3429255448706289
