0   0.46007307709959105
1   0.40755750059304613
2   0.4444404724354506
3   0.4259988250053438
4   0.39533626626238844
5   0.4175656502310022
6   0.394199953593082
7   0.46778067654453687
8   0.34355635914497085
9   0.3273245541397012
10   0.30718053479644486
11   0.33309049469019786
12   0.44526132383060846
13   0.4656633216372768
14   0.4672287792646128
15   0.35219566245798484
16   0.4702361857188195
17   0.3101524169416233
18   0.27937223814279893
19   0.39389139137287865
20   0.36770023169845023
21   0.3632824880454507
22   0.28637553283728556
23   0.3011810789575592
24   0.31764815322807616
25   0.2290672268779059
26   0.23130259583075594
27   0.19894536897950477
28   0.23189108601398836
29   0.1674754778736342
30   0.23423753872080572
31   0.3282691234739949
32   0.33279923330674693
33   0.3355431268325592
34   0.2668392974646987
35   0.33035680011943364
36   0.4698188846989102
37   0.4311153875048564
38   0.3885678390609706
39   0.36194325952639733
40   0.28850222366607836
41   0.3337968082866646
42   0.30307664048719946
43   0.22266793449924666
44   0.12282599469919732
45   0.230530820027357
46   0.31561737364605297
47   0.3816204467757446
48   0.4021421028291053
49   0.3011124170156613
50   0.4337233446769063
51   0.36408358340162617
52   0.34000954757181384
53   0.3189741451076496
54   0.3647999302341335
55   0.35317428185391836
56   0.43463852715815254
57   0.3113222984487425
58   0.2814043531393802
59   0.3019920183262163
60   0.394080683205239
61   0.4399573020715142
62   0.37315266814053033
63   0.4052194862444743
64   0.37866551590600195
65   0.24738277947547477
66   0.20996530969505023
67   0.1720778872605057
68   0.20208992788590444
69   0.21561178234245795
70   0.2548286880704421
71   0.27333071446257556
72   0.24746341132842345
73   0.21655023965296513
74   0.21048759542406495
75   0.19214952178275693
76   0.19129244409319768
77   0.18282234012187887
78   0.164071325179857
79   0.2190281997327524
80   0.28282937966001054
81   0.24531036868218647
82   0.1646245827886499
83   0.1811862913022214
84   0.27562409583535485
85   0.24044842124132562
86   0.37606824927732635
87   0.36271519853746564
88   0.31919578665972337
89   0.18628998349504533
90   0.18799506585060122
91   0.23674473244369607
92   0.18250311123377266
93   0.028834368818743468
94   0.12970769122636602
95   0.04589015322438854
96   0.17435432339183948
97   0.1792974464325634
98   0.10226662258018394
99   0.10088849726427165
100   0.20402378137690497
101   0.3565572050289087
102   0.21019586512139818
103   0.1991437101894163
104   0.3107524694874177
105   0.31393507630361017
106   0.3009688511571325
107   0.25054884310562486
108   0.23484569326685586
109   0.22006978607981173
110   0.21433514004423226
111   0.27789044500109383
112   0.28291416890035187
113   0.1941967519782441
114   0.20068387788614767
115   0.2596911145207909
116   0.1713885774848574
117   0.0995537987030916
118   0.10867914240028273
119   0.15622360480875724
120   0.28484172963212034
121   0.3451871633993821
122   0.1768125443106284
123   0.3324656404313294
124   0.28223860838569237
125   0.3111210585678951
126   0.2546308505241412
127   0.30525771780079863
128   0.33685069133468665
129   0.36978942942973303
130   0.2453648280287325
131   0.24032488601452104
132   0.23853873767550435
133   0.3169271289308139
134   0.16137034026257727
135   0.10562989088558035
136   0.1350818291185612
137   0.15775716327553246
138   0.3387790482409979
139   0.3964341808814775
140   0.44901821718146034
141   0.5041211059834256
142   0.4741877708083511
143   0.42883035071601844
144   0.2959871605981819
145   0.31514158855534485
146   0.19770435446687176
147   0.22255035609634677
148   0.23431420111692716
149   0.1813061222642171
150   0.18370190253769686
151   0.23917863276160006
152   0.13465693677129148
153   0.20331749423982312
154   0.35211896990159297
155   0.17144325495393778
156   0.14205735618417722
157   0.1434500773065952
158   0.08380256357490613
159   0.1272804873019805
160   0.14815219568286697
161   0.010260499402784312
162   0.07260922215169308
163   0.1516761877277678
164   0.07845532918185777
165   0.04720064403652385
166   0.14172949630637907
167   0.20970259253679757
168   0.18646556523244792
169   0.11341588563963832
170   0.20927177451324422
171   0.30058100812089655
172   0.4010047320484842
173   0.35800482340509215
174   0.21979442071892552
175   0.32006076382068466
176   0.2956022812006931
177   0.306097796713043
178   0.26852112839544423
179   0.21720627092705017
180   0.2699736536443648
181   0.3755633753940637
182   0.27922395183047477
183   0.3460332319035822
184   0.4345781563402635
185   0.3581743056967471
186   0.2889903884595916
187   0.40228976411514866
188   0.34781499225037976
189   0.2599623253419931
190   0.2667270528937073
191   0.2965548206263871
192   0.1734198155323891
193   0.251789034829994
194   0.26615527075281414
195   0.19288853631988143
196   0.1954911192459318
197   0.19823116423287415
198   0.16626625967594827
199   0.2107282996264411
200   0.2739324568633681
201   0.14259496604167984
202   0.13239997461423736
203   0.1428521969434276
204   0.07211657755098716
205   0.20120853155973903
206   0.23809138655831152
207   0.24710022933943726
208   0.31807527589432094
209   0.18431679386852046
210   0.24668971782176624
211   0.08480186836301658
