0   0.7009616303061201
1   0.7009402594788496
2   0.6853671900538976
3   0.679482675923301
4   0.7378882939755939
5   0.7253078946734913
6   0.7488627399205466
7   0.7519389325490605
8   0.748333185006082
9   0.7051422073090461
10   0.7490307764694302
11   0.7966322617622837
12   0.6815759168118134
13   0.608681302183007
14   0.6219285857118
15   0.7733352833016136
16   0.7538332479812657
17   0.7547425475982967
18   0.8992683888229951
19   0.8771762060579888
20   0.8920504645210282
21   0.8194880855021541
22   0.7297359305976132
23   0.7237633171679342
24   0.7121550022563206
25   0.6818446295054602
26   0.7092634278072797
27   0.6860991968333513
28   0.7079245501655336
29   0.6579817482834761
30   0.709001544674345
31   0.6565681470769187
32   0.7105384257509325
33   0.6576185407725377
34   0.6606352767867064
35   0.652274917071477
36   0.7114018014122577
37   0.7297322299656224
38   0.7135661690348687
39   0.7493163247058306
40   0.6968282946995301
41   0.7518972027532178
42   0.7487498587345547
43   0.6563456989361356
44   0.6673911514728974
45   0.6794186169765299
46   0.7392328366451743
47   0.6870591894167287
48   0.7011428458996262
49   0.6849196522861546
50   0.745464246626983
51   0.715026979565562
52   0.6696998270869601
53   0.6512633480852519
54   0.7091967519900227
55   0.7436906881234183
56   0.7130038457830048
57   0.7251393660573469
58   0.7410452460130832
59   0.7542894902762387
60   0.6534416116717275
61   0.697227501265347
62   0.7223489058935557
63   0.6805244154326248
64   0.6822933177816876
65   0.6689643631315088
66   0.6550634798227762
67   0.6929165825248921
68   0.7234725942285289
69   0.5939459917385039
70   0.6295424916611233
71   0.6080457479048268
72   0.6390444419991715
73   0.5825979058482595
74   0.6951484538566957
75   0.6156372616672071
76   0.6634720326534548
77   0.6647784861139466
78   0.6458992352650443
79   0.6127517507817376
80   0.5796685425918756
81   0.5696603697140575
82   0.5217063943523881
83   0.6129310496209567
84   0.5785019818436454
85   0.576002371919707
86   0.6307243113265647
87   0.6615081315241973
88   0.6653745519996189
89   0.5845653614695638
90   0.5271588798629883
91   0.6056304577514641
92   0.5953056903316619
93   0.6550352279664471
94   0.6595768344972587
95   0.6066691878637894
96   0.6285609828607379
97   0.6569120700568817
98   0.6908288657064459
99   0.6420693766271562
100   0.6771842244119987
101   0.6366246577083031
102   0.6261325774420891
103   0.6964393673763273
104   0.6467954232325559
105   0.6412416224110656
106   0.577129392376491
107   0.6220386576003086
108   0.6567838267627789
109   0.6138693603958586
110   0.5958389236505834
111   0.5665628796973338
112   0.5743603970094555
113   0.5598863866339455
114   0.5186322297438462
115   0.5034792038797937
116   0.5384294093768661
117   0.5948961967389715
118   0.5865659120491665
119   0.5841725538604097
120   0.5822313095861565
121   0.5809978257841418
122   0.6829082686522563
123   0.6455732768276083
124   0.6398210899046375
125   0.6729395184038375
126   0.7108056932636057
127   0.676583736084962
128   0.6593159980375793
129   0.6509049511473805
130   0.6587982348043998
131   0.6943990872086009
132   0.767900940364973
133   0.700291140820833
134   0.7325596756981979
135   0.7372708429665856
136   0.747433102069188
137   0.7164139578687145
138   0.7516281109866367
139   0.6928548589912168
140   0.6984053931452421
141   0.7759140520717718
142   0.706607119461531
143   0.7378987865958063
144   0.7687951832548815
145   0.7822937049640891
146   0.775568165525858
147   0.769174788754087
148   0.6838643932945752
149   0.6942418052267851
150   0.7519364837761066
151   0.7685977607504317
152   0.6826636678485726
153   0.6695110039686073
154   0.7378618029889368
155   0.7129604562814209
156   0.678934466149399
157   0.7008777203920912
158   0.6777762333352877
159   0.6686048173060346
160   0.7389168620648254
161   0.7015994968940572
162   0.7053483791767361
163   0.6748810677842645
164   0.6652002533248026
165   0.6262838955954676
166   0.6871481090322242
167   0.7239644746830315
168   0.6240676076879188
169   0.6007977265060301
170   0.5669491105657952
171   0.5934330808292408
172   0.5914569977344455
173   0.5869877110301954
174   0.5958770987715137
175   0.5962296099299458
176   0.5080533436577647
177   0.5398288680420801
178   0.5805488356271998
179   0.5017552933402559
180   0.589690600362357
181   0.4983300198327247
182   0.5425808113913232
183   0.5880461030734879
184   0.5500585632115667
185   0.594284135514597
186   0.5090265228134845
187   0.4669127722562372
188   0.5160168314325572
189   0.5020442303487614
190   0.4313379234682148
191   0.4900449329745784
192   0.43303518759251347
193   0.4029362381150573
194   0.3670025444682914
195   0.3246817324837423
196   0.33022317795578776
197   0.3635412273889402
198   0.30746715852007256
199   0.3789902245106981
200   0.38251583892573493
201   0.3812299515608522
202   0.3690401274999021
203   0.2878224556496865
204   0.3446151538658387
205   0.3909573603884384
206   0.44100661740292463
207   0.3972198070325908
208   0.44722751899212476
209   0.5169977302298518
210   0.3985749784700017
211   0.4334452249642936
212   0.4363030435655699
213   0.4036304975265134
214   0.44807821502965595
215   0.4060184506860309
216   0.42787924041014563
217   0.3851915862637671
218   0.37278969395127365
219   0.3277408973666838
220   0.3831679611980421
221   0.32935460687647916
222   0.32781480627427695
223   0.3502678696309818
224   0.34980213612828803
225   0.32249689526916714
226   0.3333513219667349
227   0.37433854682794293
228   0.4263515539005021
229   0.38930527738517096
230   0.2912523352711974
231   0.26110145068487506
232   0.282362919904153
233   0.2849879759802502
234   0.2977633092413295
235   0.32224417272597483
236   0.33450005679226497
237   0.370041673175849
238   0.33456580033097416
239   0.29590890557688304
240   0.36524773455110016
241   0.37441284197067576
242   0.364510631623037
243   0.3217294129570663
244   0.30829600089841375
245   0.3084961011845544
246   0.31109394619120584
247   0.320714604713011
248   0.31043163563496456
249   0.3331776214567522
250   0.3099728625560395
251   0.34907110205335506
252   0.3021489470225767
253   0.30088473317111486
254   0.3777481311679597
255   0.3189136029039772
256   0.31403197535211513
257   0.3389464939490989
258   0.404237647484964
259   0.3705405155766026
260   0.3912403607787573
261   0.41317596680391666
262   0.4368446826105419
263   0.4260314348139534
264   0.40606117923172186
265   0.448132470729917
266   0.4124396227570166
267   0.4060034172360776
268   0.382294998097139
269   0.31820553131226365
270   0.3886393659177069
271   0.39743816684529304
272   0.4066345875069262
273   0.4009281700892986
