0   0.4794386179427852
1   0.3783590690106688
2   0.4644433020437338
3   0.47007639793066275
4   0.6256432829609764
5   0.6069528110219132
6   0.5001437499052745
7   0.46724654754596673
8   0.36410254477401527
9   0.4884946203855435
10   0.4369227507723037
11   0.6651302147345535
12   0.6638799086871209
13   0.3730836368334614
14   0.29631905182659585
15   0.30256015768439987
16   0.1996458739066565
17   0.23252188287595754
18   0.28814058799951153
19   0.22349164068632763
20   0.1878820813291632
21   0.34470382487125323
22   0.23834367766601253
23   0.2974199384193522
24   0.17340550376920427
25   0.21346767917427073
26   0.33048625272765214
27   0.49788579860633747
28   0.31725558866493625
29   0.27439547748215165
30   0.36756771934392496
31   0.24313764253938186
32   0.3135204900636281
33   0.2488050289887892
34   0.23294036963417772
35   0.30807525961209115
36   0.4336125579248954
37   0.28488686110889166
38   0.44056859204850124
39   0.3242305946314341
40   0.3222216748319385
41   0.35228259956440144
42   0.20864728461355292
43   0.1716219554529515
44   0.2908092632156275
45   0.15221532142103886
46   0.202890240355995
47   0.2045701959111733
48   0.22345022631736977
49   0.1744858647097695
50   0.26909914559218107
51   0.19919897775705336
52   0.32017708085933605
53   0.3058021197875415
54   0.1812596740572505
55   0.1318973489128643
56   0.15097107286086
57   0.26484769881808934
58   0.2668471860268555
59   0.21361845918056974
60   0.1705676993555535
61   0.1395459456965147
62   0.13663417057946806
63   0.15792008821946626
64   0.3732492390337712
65   0.24216676277437865
66   0.19024310754249782
67   0.10333083037429612
68   0.26646060386667786
69   0.17030146838185556
70   0.07255356359405928
71   0.28070906817914254
72   0.14240117260317448
73   0.13498263257976129
74   0.20321466657692724
75   0.11454238598365102
76   0.07991768136329203
77   0.14562020917949717
78   0.18740031900370635
79   0.25748030151096174
80   0.19408983935133922
81   0.18732931412512246
82   0.06840065820149169
83   0.09018819631925235
84   0.16291463575949777
85   0.1216451840005166
86   0.08943433228485147
87   0.136230549597779
88   0.06216822027492549
89   0.10609468541603445
90   0.1702793688085908
91   0.09415171615249264
92   0.05518330113581731
93   0.16422567054411366
94   0.06013456070284426
95   0.06716833271717973
96   0.1671633089707284
97   0.14961293090216873
98   0.10232412713106875
99   0.07532802288427644
100   0.07980486212830776
101   0.12151490671078079
102   0.057236190772812785
103   0.09703719976550892
104   0.3157690327965217
105   0.2637245511810022
106   0.2104432883566541
107   0.35239866737104086
108   0.33295939710382133
109   0.40651204237419364
110   0.3897825035558625
111   0.13628994627359287
112   0.1515460618979352
113   0.2590295896466448
114   0.23733386697048323
115   0.16326494716148918
116   0.052044182695204055
117   0.18322721640971287
118   0.10857590833813852
119   0.2166500727200188
120   0.1617665862368615
121   0.1352943578152042
122   0.10115209835553131
123   0.06102761881233084
124   0.08297828544158124
125   0.14624867547343717
126   0.16637663071591452
127   0.022514830904525534
128   0.04378987002522505
129   0.2618558781074191
130   0.26486327606144666
131   0.2173132197798227
132   0.12852986860428553
133   0.1471463742845164
134   0.15999574269534095
135   0.16917422512305216
136   0.1596831441369867
137   0.2293538930497358
138   0.10369239061335006
139   0.0930355742635789
140   0.12761590147985225
141   0.1203724310998761
142   0.04548677099194906
143   0.07258627695055354
144   0.15461155580829725
145   0.04175066319987487
146   0.07733736265541151
147   0.12460278070461397
148   0.02592139329722637
149   0.029545571363997058
150   0.1447898716701964
151   0.16279296932656642
152   0.22553312180934112
153   0.14847467157876154
154   0.17762237925704535
155   0.06148424197524459
156   0.14656531881118248
157   0.2043092671068606
158   0.13131802386413785
159   0.22925553835471868
160   0.21823019369496918
161   0.25685469729411026
162   0.1335753969136813
163   0.07361683815318647
164   0.17534060053687492
165   0.1796074676484361
166   0.13636847393859297
167   0.05524406379026063
168   0.12552080144592628
169   0.11109892757426201
170   0.10220820579072792
171   0.0807221019883728
172   0.04217886158025173
173   0.0821460426083357
174   0.19897845053207347
175   0.2057569063108102
176   0.08629881602658628
177   0.03640965910130629
178   0.13423073443470793
179   0.170161312314695
180   0.20764210827135512
181   0.030734237165302655
182   0.04075350081690075
183   0.12852337501283537
184   0.11580302526440804
185   0.044563034325074
186   0.057430265866258295
187   0.059307585692779545
188   0.04974353876475417
189   0.12132127549671762
190   0.09158144453848414
191   0.045428580968699714
192   0.08760218932601116
193   0.040819890247086266
194   0.17544077123079152
195   0.19033576859015888
196   0.15818750280868554
197   0.11046094053458154
198   0.16317858813720038
199   0.12464428250354101
200   0.20938456214058915
201   0.1650022188989684
202   0.213421212356284
203   0.13786974578433545
204   0.24302898889710736
205   0.24036805971604674
206   0.24095666592480064
207   0.2900413900984053
208   0.2149068205209515
209   0.23623250979777277
210   0.34217751281524017
211   0.18177773904945563
212   0.1771172078870176
213   0.2541705055449445
214   0.2639860092311376
215   0.16070898541757037
216   0.19914231587776668
217   0.19717099356268453
218   0.3120053012712241
219   0.31871464072068606
220   0.31041652803510394
221   0.2708238706273129
222   0.2006368453312764
223   0.2067201259516342
224   0.26114036800477464
225   0.2937223062012103
226   0.1958425250641821
227   0.3101323145789375
228   0.3186367231928306
229   0.29217273008804406
230   0.28532778174489376
231   0.3117789850941675
232   0.24854655945839405
233   0.32409059401509477
234   0.22698911217948903
235   0.2998524824796615
236   0.22285722003977734
237   0.27275574929533436
238   0.310008909267877
239   0.32989558042062406
240   0.39149224360330215
241   0.19391636411799212
242   0.21878948582417593
243   0.26898286112361186
244   0.2601674373480966
245   0.08310394564873054
246   0.2633156092633897
247   0.21211727191965132
248   0.2743965279952518
249   0.274954651327481
250   0.24924716340939665
251   0.32721487530511056
252   0.35735915218832176
253   0.2925662016615888
254   0.26653603658075137
255   0.35983893114227167
256   0.2673959728130803
257   0.34399807308155067
258   0.3767482058294376
259   0.41690511799548535
260   0.29373592153599054
261   0.36365752001518115
262   0.26419857526303014
263   0.40420146066754553
264   0.3367911634913904
265   0.338642506520556
266   0.22797945543723724
267   0.20421715160743104
268   0.1338183557146299
269   0.2589460173102652
270   0.24134282768755197
271   0.15585005715824105
272   0.34099638400913845
273   0.2883903080342873
274   0.18453138232471938
275   0.30770802934857305
276   0.38353131418493447
277   0.30411176892532094
278   0.28508180461965243
279   0.321764267623882
280   0.297918152900049
281   0.27960684897215415
282   0.25471238633502014
283   0.31838868533894465
284   0.34843996213696365
285   0.2104997237982927
286   0.30026698441706307
287   0.12979363867225918
288   0.24334389996062522
289   0.15968384003251565
290   0.2162345122703341
291   0.14942072102447163
292   0.05275943932541757
293   0.033916216892520334
294   0.08852619896806325
295   0.15069293840084708
296   0.19631067196663401
297   0.11901179345293025
298   0.12456569768496678
299   0.07229677427797528
300   0.08321835838105894
301   0.10491437874266951
302   0.11372974316764496
303   0.1362893031111011
304   0.17021485615485565
305   0.23460638045763046
306   0.16795855556243344
307   0.17209425676906878
308   0.21643539671418424
309   0.1357339446840464
310   0.22068055831250147
311   0.2174181937130472
312   0.2427183622366933
313   0.2986162956412947
314   0.22425484193654255
315   0.2821737202240665
316   0.22061061308093702
317   0.2957847274430997
