0   0.20776052386883084
1   0.17126151876393528
2   0.25193826390289487
3   0.2214929639783128
4   0.10327541733443035
5   0.1487829518806331
6   0.23232502135457037
7   0.20246887344199985
8   0.2305638352624073
9   0.19462958759326113
10   0.21527712618845765
11   0.22095384567929496
12   0.24444958201684913
13   0.215180070216549
14   0.1436878641202911
15   0.12108950416089842
16   0.143145716917755
17   0.09943529315584904
18   0.16132124606602258
19   0.12337680303319669
20   0.14608663272914718
21   0.07509416781972658
22   0.09623928306268245
23   0.11018908387887438
24   0.10428582981205209
25   0.03968763878941092
26   0.13324533383442555
27   0.14122930013181118
28   0.13366092334699073
29   0.08588848322718706
30   0.10010333772037415
31   0.1273747139984287
32   0.06753633086134553
33   0.06261300372900358
34   0.05476547003753236
35   0.1172083418319763
36   0.06855086894797059
37   0.10144798359344648
38   0.1222493379216853
39   0.1491789317072303
40   0.1570890701378068
41   0.1859354238992611
42   0.15964639144671602
43   0.24702462788764917
44   0.22719174379289253
45   0.22503309883161718
46   0.1925997289367925
47   0.10672490208207173
48   0.15431865270046452
49   0.10621409539460842
50   0.08945877702269835
51   0.1938166874238035
52   0.2501090346502258
53   0.30128255912878316
54   0.3227838012046401
55   0.29832990952519906
56   0.27973494452912606
57   0.23101192208523338
58   0.17722496398390855
59   0.2126076232554512
60   0.2050421263420247
61   0.19853346222471266
62   0.1885416056878938
63   0.14581847200977988
64   0.2787808315631017
65   0.21777766534581836
66   0.28107121321186934
67   0.22237928095460602
68   0.19236623446574788
69   0.19254236221208104
70   0.2547977529065904
71   0.3413575527331164
72   0.3547756986774576
73   0.38145305121957496
74   0.3534792629519269
75   0.3864433686509239
76   0.4453298077834756
77   0.3680241564237157
78   0.40485953073821745
79   0.4008462085222814
80   0.4987801505491355
81   0.4840436169656915
82   0.518513312444075
83   0.5034418193779377
84   0.46586732860088675
85   0.47435369282692347
86   0.574181882687047
87   0.5373077255326726
88   0.5180469500464374
89   0.45519707512079866
90   0.37191803119118705
91   0.4337063503195064
92   0.49276906080615795
93   0.4256074885783226
94   0.4249893800590712
95   0.4027864612415992
96   0.44582208553152475
97   0.4304559328293189
98   0.4484273317017584
99   0.377718481402334
100   0.36379358459778927
101   0.37467094178174
102   0.3750051644945545
103   0.31648772261133096
104   0.35223366938701517
105   0.35238641365324075
106   0.3720711445272142
107   0.32193941523219755
108   0.35496480219169246
109   0.361901736247002
110   0.3580099724513594
111   0.3343259697021792
112   0.33794445998693246
113   0.3215884288789077
114   0.310852423901076
115   0.3321761656077411
116   0.3667685409887263
117   0.38917036331659877
118   0.3537289545294315
119   0.38651462994566715
120   0.3984045657860061
121   0.487946490878874
122   0.5052164174662858
123   0.3821830436317093
124   0.2945991907004431
125   0.35388041682459703
126   0.41120439132479186
127   0.36821905731763976
128   0.4242045808567543
129   0.47360171270231627
130   0.47713398427026055
131   0.44274155919582214
132   0.531762710496178
133   0.507165523696098
134   0.5006969094355224
135   0.4618700184784984
136   0.49829338596874334
137   0.5183514705699886
138   0.503579540779975
139   0.47182805301159125
140   0.4725310771451246
141   0.45138104667281975
142   0.4640982718331872
143   0.4103807183018153
144   0.3758492708897247
145   0.35564130697489116
146   0.38232267794713426
147   0.3781973054835064
148   0.30606607677814796
149   0.38595714956247107
150   0.3796983143496495
151   0.39667128488041936
152   0.4101759743365134
153   0.3920341585978575
154   0.40646684836339714
155   0.4080680423980002
156   0.32570933551424613
157   0.24590810548430145
158   0.30727827772802646
159   0.282536546760073
160   0.28065804545454515
161   0.3014236884688185
162   0.2979499187709943
163   0.3466085939914106
164   0.3210495070696169
165   0.26873066826880354
166   0.30145951237112006
167   0.2862700114589829
168   0.30233918566574813
169   0.2590702955218647
170   0.27678808794699244
171   0.2301054388220049
172   0.27197070504075643
173   0.24950053456523216
174   0.2707910924786158
175   0.2816245142328305
176   0.24368473359772908
177   0.25101208178193546
178   0.21770108751613135
179   0.1822071669715198
180   0.1435093254613584
181   0.23538762769927865
182   0.23413868568906546
183   0.23612596394381508
184   0.24901176050824975
185   0.26070556236832926
186   0.24004315103293786
187   0.3598129937273677
188   0.3107647160032277
189   0.2294103503564553
190   0.2670077827817248
191   0.28924678332204795
192   0.28681412957085756
193   0.27680981935626675
194   0.21673549975804549
195   0.24029899747709066
196   0.2676762436043231
197   0.2180231064201745
198   0.3026797885456563
199   0.26066904172532307
200   0.2613610736159642
201   0.3313752549846521
202   0.31981951865383573
203   0.3495824324678729
204   0.2980699173135059
205   0.3321453522660465
206   0.29316192444354655
207   0.3279168008612226
208   0.32184290219737915
209   0.3449548896260228
210   0.3036228447651306
211   0.22121489976763356
212   0.21829462141787614
213   0.28470360687773627
214   0.33520231596217553
215   0.37246942315517084
216   0.3125435395766721
217   0.2868941581474515
218   0.28423194623218523
219   0.23960268154499814
220   0.218077830478608
221   0.21728946501735608
222   0.18725516909221518
223   0.23977113499057418
224   0.24779808635385495
225   0.23742671702822743
226   0.224885534835795
227   0.27314952742392706
228   0.1697344315546017
229   0.15691409921408528
230   0.18033495791907495
231   0.11038871608374191
232   0.19691349982247058
233   0.12222708990135883
234   0.19009258081118022
235   0.17318783314776934
236   0.21679364559135966
237   0.21240241710681074
238   0.24963004744029266
239   0.33254350317061926
240   0.32788574728936704
241   0.2592304108478609
242   0.2463864666224873
243   0.27829561039297634
244   0.3106135257106637
245   0.33295221383323
246   0.35945361936116904
247   0.31663660095190954
248   0.34262174081216623
249   0.2735301167339914
250   0.3390509042881935
251   0.3222843773383451
252   0.39167753066134925
253   0.3616410193989288
254   0.32812085932420454
255   0.3144893465246648
256   0.3183248721162638
257   0.36823210285079466
258   0.3680640988375355
259   0.37488959457856796
260   0.383010277636178
261   0.3982814085037565
262   0.41624354447554424
263   0.4184660674512942
264   0.46732694889943
265   0.3608964460714479
266   0.4532926715369575
267   0.41397663510376626
268   0.3223280789065649
269   0.3814441570389935
270   0.35189726872493515
271   0.317372431394404
272   0.3104556481855213
273   0.3622010194467607
274   0.3479595612296788
275   0.3935026588623099
276   0.4133368761381911
277   0.39564020893825036
278   0.35233928013381693
279   0.35367424077100246
280   0.3524201066547115
281   0.38048463032857993
282   0.3450643840423429
283   0.24061523383613842
284   0.360927586189792
285   0.32191530965022036
286   0.3559261524241746
287   0.33215933058038694
288   0.29774301638790657
289   0.2910616240112904
290   0.27434360933025387
291   0.27633553082576956
292   0.32294610637240784
293   0.35466404279575087
294   0.3569638228187658
295   0.4273625767864188
296   0.4248847385128553
297   0.35604019183153407
298   0.3275990772211614
299   0.31618691442246916
300   0.2700512890812486
301   0.3531674992796402
302   0.3274918035846698
303   0.3413825853342386
304   0.32024863744137616
305   0.4360568276927329
306   0.41620851871956444
307   0.43556779815948926
308   0.41221237191339655
309   0.2820193273581185
310   0.37055349552465094
311   0.30168047306875495
312   0.2891326887273777
313   0.26717089465990207
314   0.3369736508490933
315   0.37090147990344735
316   0.30206269571108985
317   0.32034398894182103
318   0.37225631034147144
319   0.4193287760062288
320   0.3941017214021299
321   0.34556676599381847
322   0.3436030289815069
323   0.31372049927117934
324   0.27056086935918233
325   0.30139717077222417
326   0.22857078103122214
327   0.16669060238334654
328   0.21359743378632756
329   0.17816751438012868
330   0.20059435888112154
331   0.18589792432639893
332   0.12103002221256597
333   0.1612648040670639
