0   0.7009402594788496
1   0.6875223741964648
2   0.7378882939755939
3   0.7209946840580024
4   0.7519389325490605
5   0.8252312765134184
6   0.7490307764694302
7   0.7012792849728995
8   0.608681302183007
9   0.7136151256961567
10   0.7538332479812657
11   0.8582202771317899
12   0.8771762060579888
13   0.789814381959971
14   0.7297359305976132
15   0.7580400459362294
16   0.6818446295054602
17   0.7183302756290317
18   0.7079245501655336
19   0.7279885800326993
20   0.6565681470769187
21   0.6963142605937567
22   0.6606352767867064
23   0.7399646382856951
24   0.7297322299656224
25   0.6737116399205333
26   0.6968282946995301
27   0.7064169681086199
28   0.6563456989361356
29   0.6458036989730103
30   0.7392328366451743
31   0.6785100858075633
32   0.6849196522861546
33   0.7214627983289431
34   0.6696998270869601
35   0.7520670430825637
36   0.7436906881234183
37   0.6824523297892828
38   0.7410452460130832
39   0.7237107345675092
40   0.697227501265347
41   0.6942286545280193
42   0.6822933177816876
43   0.6725246384237624
44   0.6929165825248921
45   0.5579603606562813
46   0.6295424916611233
47   0.662679149854369
48   0.5825979058482595
49   0.6427028727566589
50   0.6634720326534548
51   0.6158537226534775
52   0.6127517507817376
53   0.6059588365720688
54   0.5217063943523881
55   0.551856152926946
56   0.576002371919707
57   0.6554556631684478
58   0.6653745519996189
59   0.5785064536021294
60   0.6056304577514641
61   0.5937030231289467
62   0.6595768344972587
63   0.5957073242512501
64   0.6569120700568817
65   0.6618956218738246
66   0.6771842244119987
67   0.6740623535829202
68   0.6964393673763273
69   0.6589280533465595
70   0.577129392376491
71   0.6345416597083471
72   0.6138693603958586
73   0.5582791063703182
74   0.5743603970094555
75   0.5431435930122854
76   0.5034792038797937
77   0.6039747040052652
78   0.5865659120491665
79   0.5811918275117092
80   0.5809978257841418
81   0.6639723011738924
82   0.6398210899046375
83   0.6291315614656104
84   0.676583736084962
85   0.6506974054325533
86   0.6587982348043998
87   0.6908069968598254
88   0.700291140820833
89   0.7168890706688092
90   0.747433102069188
91   0.7452598840480854
92   0.6928548589912168
93   0.7768777299598896
94   0.706607119461531
95   0.7443532956527883
96   0.7822937049640891
97   0.7258485023406528
98   0.6838643932945752
99   0.6934110390911629
100   0.7685977607504317
101   0.734199656309387
102   0.7378618029889368
103   0.710107664714036
104   0.7008777203920912
105   0.6512481287360713
106   0.7389168620648254
107   0.7100397511465952
108   0.6748810677842645
109   0.6442606491847809
110   0.6871481090322242
111   0.6168634667900258
112   0.6007977265060301
113   0.5862609209532345
114   0.5914569977344455
115   0.5574881042915355
116   0.5962296099299458
117   0.5368522124124343
118   0.5805488356271998
119   0.498557172738684
120   0.4983300198327247
121   0.5430769890142761
122   0.5500585632115667
123   0.541964853448907
124   0.4669127722562372
125   0.42606885960448193
126   0.4313379234682148
127   0.5092161663715621
128   0.4029362381150573
129   0.3226994855667281
130   0.33022317795578776
131   0.3564456548357551
132   0.3789902245106981
133   0.3437935311592891
134   0.3690401274999021
135   0.3501472178688439
136   0.3909573603884384
137   0.37306245732971954
138   0.44722751899212476
139   0.47196770880807026
140   0.4334452249642936
141   0.4193876883350446
142   0.44807821502965595
143   0.4531673420548444
144   0.3851915862637671
145   0.34730333331180224
146   0.3831679611980421
147   0.3566862116348973
148   0.3502678696309818
149   0.32101272173263345
150   0.3333513219667349
151   0.40685340684666116
152   0.38930527738517096
153   0.34045178658372727
154   0.282362919904153
155   0.2633894461922566
156   0.32224417272597483
157   0.3774882469147205
158   0.33456580033097416
159   0.33914330299351214
160   0.37441284197067576
161   0.34195669650639676
162   0.30829600089841375
163   0.3035044245516076
164   0.320714604713011
165   0.3521622610794794
166   0.3099728625560395
167   0.31783854801817796
168   0.30088473317111486
169   0.32628031810432057
170   0.31403197535211513
171   0.40772358365992795
172   0.3705405155766026
173   0.4315955829503786
174   0.4368446826105419
175   0.4076816400583986
176   0.448132470729917
177   0.3857522673573739
178   0.382294998097139
179   0.3591996292692215
180   0.39743816684529304
181   0.37612687958055474
182   0.3395291099440853
183   0.3562425389604259
184   0.34230253883399897
185   0.3355836956525666
186   0.3639934618422344
187   0.2723968953509728
188   0.33789715347088156
189   0.37087178943992566
190   0.3859847530866051
191   0.37575462651268055
192   0.32907511609787216
193   0.37221697704238726
194   0.3943201427967347
195   0.4268802280559436
196   0.4505252042151223
197   0.4235098586920925
198   0.3859538448385703
199   0.3805562440757191
200   0.3885954938128063
201   0.3506907246365827
202   0.3596258799004412
203   0.29360386148800255
204   0.29531563118234844
205   0.30554099941334173
206   0.3064304122413403
207   0.2888829593984369
208   0.2939723912548995
209   0.25503492919793913
210   0.22258665936358848
211   0.30508508044765503
212   0.2942471433504434
213   0.2696481934675944
214   0.24966177421707608
215   0.22581855028892045
216   0.27470173300279316
217   0.26989405446437326
218   0.2820309690747862
219   0.3149491974808986
220   0.2391194018531797
221   0.2335382847153564
222   0.24445462674190094
223   0.15869160832308535
224   0.18804093190781895
225   0.18740713458880934
226   0.197829175619351
227   0.15943011470880747
228   0.24500713535828306
229   0.27320914133458213
230   0.2240845145694449
231   0.2794281768975612
232   0.23255805212682176
233   0.27305078836658325
234   0.16168643526329246
235   0.2031096108423515
236   0.17860250603071093
237   0.1835330455761029
238   0.20356861058803455
239   0.14370752581067325
240   0.16000188007124044
241   0.17796974270618904
242   0.17432697680607653
243   0.19789722486295136
244   0.1521136044195771
245   0.20310413830164326
246   0.1430094014748904
247   0.14871889889481615
248   0.14475287061034875
249   0.21413190468632323
250   0.11613901597222132
251   0.14476224930572887
252   0.12141294753969649
253   0.17450356842398576
254   0.1845011092485701
255   0.19509181444534124
256   0.19455312428055857
257   0.14492106180447356
258   0.13710274731524202
259   0.15633812034595926
260   0.18352629569158993
261   0.12701641910270225
262   0.1471284688542818
263   0.13479939085826853
264   0.11329908639025037
265   0.19443592183151898
266   0.11360776041825352
267   0.1617879362410889
268   0.21379560898384925
269   0.15651703101725917
270   0.16266759103648917
271   0.1782942634423214
272   0.16992079644593172
273   0.14595064246976938
274   0.17007253533755554
275   0.13495603329414332
276   0.11215364803099011
277   0.1623626682813421
278   0.2072245552444888
279   0.17200389823992626
280   0.19264678917843803
281   0.1463956381746861
282   0.11421281143943232
283   0.19471737471471695
284   0.0908795711776516
285   0.13354619901627024
286   0.07972596355464373
287   0.17936341390493482
288   0.19623564420624734
289   0.24867624595555193
290   0.2581867909724984
291   0.2585722675000468
292   0.315024152823369
293   0.2797747937687367
294   0.2559841329016241
295   0.21581651908861477
296   0.27041180321324293
297   0.24107468107748733
298   0.2253049214687735
299   0.2816981584716576
300   0.2728572656121396
301   0.3012809212267145
302   0.2528977221019762
303   0.2908881926830172
304   0.3194843944670491
305   0.31712319928539645
306   0.26429491971854513
307   0.21353534269743427
308   0.3216449818709645
309   0.3331714879035379
310   0.312819482755949
311   0.3036502005835565
312   0.23837388857970676
313   0.3439943732294038
314   0.3545824247129957
315   0.30862595260352
316   0.36372834804098286
317   0.45348076928154624
318   0.4053737041749404
319   0.44586401211090454
320   0.39229806352883334
321   0.377913073292359
322   0.45169324053691173
323   0.49158971306293264
324   0.4046312155401658
325   0.4176856965505757
326   0.41746790762183966
327   0.39508657504049216
328   0.36639996627582927
329   0.3947780717742154
330   0.4094863693940053
331   0.3622911277045508
332   0.3982974541229384
333   0.34270186900857136
