0   0.7697181829533505
1   0.7240410717144347
2   0.8031657911167024
3   0.8718460978171054
4   0.8060597129858826
5   0.8027848376851885
6   0.7627247405797905
7   0.7042560396861643
8   0.6910970600089372
9   0.77092018918282
10   0.7861180107974847
11   0.8283176051193758
12   0.7936095350789479
13   0.723771600575189
14   0.7370255050896704
15   0.767789514064247
16   0.7736325100167237
17   0.8010339834298419
18   0.8173901754983195
19   0.8133660383021528
20   0.7657782553617082
21   0.7127369703934184
22   0.7488625736411869
23   0.734660444019194
24   0.7264256093863407
25   0.7044650666778095
26   0.7259893367946461
27   0.7251794888274189
28   0.6949962282600939
29   0.6832611354548611
30   0.7093320842792968
31   0.733565169480408
32   0.731373216895452
33   0.7134398514487977
34   0.6752755103733803
35   0.6705438960654604
36   0.7438235169546105
37   0.7113858903424913
38   0.748830354653294
39   0.7864414796775836
40   0.7545006232974226
41   0.8139122151688319
42   0.8092676194963164
43   0.8064802369522551
44   0.8284460386280753
45   0.7760022256711078
46   0.8152811389617817
47   0.7529194305338458
48   0.7094629215429382
49   0.7278382347246721
50   0.7509247130701855
51   0.7655697855298501
52   0.8054569905704553
53   0.8069396541951004
54   0.7845536457873137
55   0.7364427521552885
56   0.7038453963300558
57   0.7300079081611803
58   0.7282059613891316
59   0.6990299192743925
60   0.7095478078128925
61   0.7078789612111245
62   0.7265597499039959
63   0.6923899940319345
64   0.7171984500314461
65   0.7049336285758243
66   0.7724489614109573
67   0.7189023264688841
68   0.7552572708521791
69   0.7063350724365118
70   0.7369145210350247
71   0.7732478737175574
72   0.8280880596610786
73   0.8288748313065117
74   0.8418481803496083
75   0.8264745509230229
76   0.8247695295711305
77   0.9025649793391394
78   0.8751240008874757
79   0.8800333638161725
80   0.8906634630385355
81   0.9005375576846877
82   0.9378986952635825
83   0.9320631316570004
84   0.9434255802084819
85   0.9220336131002367
86   0.9283302368052901
87   0.9589565255704613
88   0.9272261796068424
89   0.8929600549930378
90   0.8425403825335464
91   0.8281506575929127
92   0.8627390535132883
93   0.9316451603350984
94   0.9170728686036422
95   0.8452157419590881
96   0.8474512524514488
97   0.846580662901061
98   0.8386540406498044
99   0.8398247803147173
100   0.8461128130762782
101   0.8140567062892281
102   0.7920728377282991
103   0.7428813115768736
104   0.7337045134995805
105   0.7707673624815422
106   0.7756785989202953
107   0.7208230041978948
108   0.761277067500167
109   0.732837156351565
110   0.7975790444199604
111   0.7429312124697228
112   0.663820063657565
113   0.6341945327520654
114   0.6599500988669089
115   0.6708203581639506
116   0.6649213648070552
117   0.6506598627569968
118   0.6750062652823696
119   0.6477407870718049
120   0.6707484232113716
121   0.7064345200556779
122   0.6772608794317366
123   0.6516670935732501
124   0.6137181367509638
125   0.5618336077124059
126   0.6694985864733984
127   0.6480791544692915
128   0.6914863874180502
129   0.7499552670374787
130   0.7504641929872382
131   0.7170756793738141
132   0.7362787349652876
133   0.7132565998332174
134   0.759374866389027
135   0.7168780693390141
136   0.7333413337056988
137   0.7491087830015379
138   0.7486760832104022
139   0.7117789195823705
140   0.7060630994638404
141   0.6922785132547785
142   0.6943154254936306
143   0.6841033232090398
144   0.6586211726419096
145   0.6092138345616841
146   0.6474032454989377
147   0.6297937903742937
148   0.6077632910322388
149   0.6242115365150818
150   0.6306719820204788
151   0.6835039103743809
152   0.6883231467001484
153   0.6538262621743883
154   0.6617576291471882
155   0.6309107666168333
156   0.6264143410984143
157   0.6211656728683647
158   0.6399496183842284
159   0.6215564190720853
160   0.6291794391160244
161   0.6146113879332147
162   0.589318273412951
163   0.5544503547017808
164   0.6204082994142875
165   0.5999534183430345
166   0.5804766636501061
167   0.5639671052775983
168   0.5905744223313103
169   0.5707398294116551
170   0.5707333168072201
171   0.5874587934826816
172   0.604566384792433
173   0.5975675023750947
174   0.6227141978764746
175   0.6143351637736472
176   0.565292628464441
177   0.5183981937299202
178   0.5115420507604416
179   0.5134259184414434
180   0.519160358127143
181   0.5462384289623813
182   0.5359639538069348
183   0.5877277847293276
184   0.532867940814257
185   0.5831503346404069
186   0.590997878912097
187   0.6082927649290522
188   0.6213510088177133
189   0.5792482234208312
190   0.5510184308719416
191   0.5812409491307814
192   0.5812650154304604
193   0.6015725481866977
194   0.5782788501184343
195   0.6040247888048019
196   0.6102935228766329
197   0.6147519542228793
198   0.6525904013851522
199   0.6182689634395574
200   0.6094760948629456
201   0.6349728805689168
202   0.6260472708784635
203   0.6140817087554217
204   0.5933012038135358
205   0.6371766280922903
206   0.5983952853980635
207   0.599575262729877
208   0.6046782401918136
209   0.5973345291811367
210   0.5245733407480164
211   0.4855590823278492
212   0.4943848649931707
213   0.5334271556456229
214   0.5627720658919275
215   0.5884120068222538
216   0.5740891570461987
217   0.5559976960785494
218   0.5645907013020944
219   0.5497212281100925
220   0.4554360283024596
221   0.4508224771391947
222   0.42905038714645893
223   0.3906379349382262
224   0.4194369983494309
225   0.42476244583267037
226   0.42146353339054493
227   0.4201489547093804
228   0.41344084926952096
229   0.43011701031452204
230   0.4042233264320716
231   0.3886314109884885
232   0.4282069185688943
233   0.3918335914354968
234   0.34732796764116813
235   0.3614201512113376
236   0.383339573716542
237   0.3617908693575928
238   0.4386517884606431
239   0.4538903560422198
240   0.48350551859706475
241   0.4360443021188331
242   0.4204612421147804
243   0.47616125305848495
244   0.4591820370557965
245   0.5324162443364483
246   0.5019808547464782
247   0.4609843947227198
248   0.4873690098420192
249   0.4829389953361155
250   0.45405493273697733
251   0.46539027275674844
252   0.5011564506887055
253   0.5062739081412116
254   0.48898969330887077
255   0.4934481046170098
256   0.5073749878676332
257   0.5121962977417348
258   0.502310939641031
259   0.5304226814617554
260   0.5544273522642601
261   0.5235036919561138
262   0.5633482507764509
263   0.5412150019227463
264   0.5499471919242668
265   0.5489543957519122
266   0.5667651266730276
267   0.5753117606325421
268   0.5351584940141766
269   0.526616584730192
270   0.5125888643797626
271   0.4898206538719618
272   0.47964473804897323
273   0.5057364935396551
274   0.5176498972912601
275   0.5282296789455414
276   0.5234232030030526
277   0.5563831576811046
278   0.5553223155745406
279   0.5008148437759306
280   0.5171306321028616
281   0.47222329064732926
282   0.4385355071725962
283   0.4225002494876406
284   0.4493308871209136
285   0.45530478007969655
286   0.42774112083783494
287   0.4959569317626312
288   0.4925049354356381
289   0.5275682519403858
290   0.5209070244937354
291   0.5184463590107599
292   0.5000747429040324
293   0.5379141753823398
294   0.5027932232025254
295   0.5068234362069167
296   0.4968963579937042
297   0.42549375487550106
298   0.44646323960253437
299   0.5043961412777314
300   0.4560302114942384
301   0.4824859242376485
302   0.4557738846107333
303   0.4588789797676628
304   0.4491210341549982
305   0.5118171426794558
306   0.5219658929157486
307   0.5139177954766436
308   0.5066601143231906
309   0.44649053505920044
310   0.4572319964673712
311   0.40322134158001194
312   0.4086436504040614
313   0.44838936227569726
314   0.4319649549787061
315   0.4469489787100265
316   0.4375628450395047
317   0.4282019190401362
318   0.39747306172524693
319   0.35468369046678816
320   0.37932668309801787
321   0.3646023025126102
322   0.39038717430424974
323   0.34933343028091657
324   0.39100979459587565
325   0.3903756319851035
326   0.40549015030007485
327   0.41570737352574366
328   0.3861305340542316
329   0.39023780054513457
330   0.37554613463203645
331   0.35235556586411604
332   0.3474923037019257
333   0.3167295261351599
